5210,4689.306283,-4498.515081
6391,-5752.221503,5446.77573
44,39.941847,-32.050655
40,35.783833,-28.937891
35,31.379882,-25.524544
40,36.071485,-29.410586
38,34.427295,-27.62451
12,-3.773132,10.9875
42,-36.637308,38.165219
42,-36.770668,37.857474
35,-30.228157,31.112986
40,-34.929984,36.023565
46,-39.740159,41.114728
38,-33.024863,34.285594
41,-35.831932,37.326709
30,-25.467622,26.611396
47,-40.599878,42.563484
34,-28.68163,30.172515
53,-45.471009,48.009824
38,-31.960516,33.873035
19,-16.47761,17.504792
56,-47.476492,50.805441
35,-28.962136,31.358611
33,-26.855262,29.375641
45,-36.416053,40.395823
40,-31.891234,36.06491
35,-27.497095,31.814105
40,-30.054767,35.94655
39,-27.388941,34.803954
34,-20.441663,30.49978
14,12.166388,3.523758
40,36.125397,-29.795155
44,39.661104,-37.209715
35,31.890722,-31.535463
41,35.929671,-36.704255
34,29.437232,-30.810552
50,42.361661,-45.311782
27,22.443577,-24.418349
43,35.157388,-38.767085
46,36.858174,-41.266721
32,25.468393,-28.862029
50,39.476113,-45.262329
35,27.126158,-31.454217
36,27.741743,-32.450616
37,28.331096,-33.423554
38,28.894843,-34.372744
59,44.344852,-53.286046
20,15.036855,-18.21026
20,15.159544,-18.429185
40,29.71588,-35.919894
55,41.827376,-49.606996
34,26.029403,-30.27745
31,24.52994,-28.0853
42,33.963514,-38.096831
37,30.548299,-33.366578
41,35.403525,-37.33638
40,35.70022,-35.569278
38,34.116671,-30.054612
18,16.148958,-1.986038
34,-18.269798,30.153994
42,-28.615143,37.439169
45,-33.475549,40.082475
31,-24.251675,27.663029
45,-37.167434,40.84161
37,-31.484902,33.441797
40,-34.56849,35.719618
42,-37.64482,37.883577
45,-40.715226,39.938406
32,-28.846752,27.715748
34,-30.207729,28.553622
53,-47.860267,44.340911
37,-33.603595,30.529636
39,-34.958719,31.276566
40,-36.311392,32.00115
42,-37.660996,32.705198
43,-39.006735,33.390623
22,-20.006546,16.947076
23,-20.341068,17.11237
44,-39.704863,33.529145
41,-37.1142,31.799758
38,-34.570809,30.058731
36,-32.074019,28.310095
48,-43.530097,39.178498
42,-38.169192,35.235046
37,-32.960019,31.304149
31,-27.901595,27.396623
41,-35.670369,37.067969
38,-28.367182,34.179108
15,1.939415,13.351718
37,33.258668,-19.983168
36,32.846399,-24.693534
46,41.215199,-33.819913
32,28.433194,-24.589882
47,41.900191,-37.718973
38,34.213809,-31.941362
40,36.434211,-35.033921
43,38.506609,-38.094438
30,26.751747,-27.081403
48,41.646844,-43.127629
34,28.720508,-30.409302
35,29.441758,-31.725019
56,45.437945,-50.034562
39,31.093775,-34.973805
40,31.699056,-36.255865
42,32.275673,-37.526868
21,16.345712,-19.236336
44,33.091731,-39.410374
45,33.606655,-40.648804
0,0.0,0.0
44,32.900334,-40.003196
42,30.987571,-37.509103
39,29.078057,-35.053023
36,27.174321,-32.634832
49,37.210202,-44.500722
30,22.45477,-26.754331
40,30.186314,-35.855993
44,33.802921,-40.023084
35,26.564587,-31.398832
35,26.622125,-31.575978
11,-9.544667,7.748449
37,-30.705309,33.436536
43,-35.210163,38.429745
41,-34.157045,37.247493
35,-28.966288,31.537195
52,-42.909191,46.616933
28,-23.230129,25.183668
44,-36.987526,40.016851
47,-39.476628,42.597156
33,-27.655501,29.770981
34,-28.694385,30.826928
53,-44.93129,48.141063
37,-31.17555,33.30846
38,-32.122175,34.237948
39,-33.042967,35.131502
40,-33.938187,35.989223
41,-34.80811,36.811222
42,-35.653022,37.597618
43,-36.473222,38.348539
22,-18.536549,19.444816
42,-36.046629,37.924921
40,-33.626792,35.662121
37,-31.247532,33.427515
51,-42.49941,46.014193
31,-25.478109,27.967273
42,-34.037834,37.961599
37,-29.14666,33.264373
41,-31.495708,37.222589
39,-27.998538,35.414262
33,-19.137096,29.69969
15,13.284608,2.760195
44,39.578112,-29.144333
40,36.224592,-30.53399
39,34.841085,-30.860554
44,39.716503,-36.317062
36,32.803668,-30.674371
39,35.248157,-33.508503
42,37.56739,-36.243072
29,26.272185,-25.632423
46,41.158328,-40.581463
32,28.553111,-28.434037
50,44.411919,-44.648839
35,30.611319,-31.056122
36,31.373209,-32.055187
37,32.100426,-33.026015
38,32.793243,-33.968734
39,33.45193,-34.883461
40,34.076755,-35.770306
41,34.667988,-36.629365
42,35.225897,-37.460723
0,0.0,0.0
41,34.366924,-36.78437
38,32.135545,-34.639177
53,44.093315,-48.002744
33,26.705047,-29.407928
45,36.107169,-40.294266
40,31.469661,-35.799468
35,26.948557,-31.40028
39,29.100789,-35.186391
37,25.790196,-33.554813
31,17.327497,-28.268194
15,-13.684058,-2.868212
36,-32.404731,22.849117
37,-33.395341,27.283442
46,-41.291432,35.92371
43,-38.331954,34.660898
35,-31.644805,29.298383
38,-33.986153,32.019535
40,-36.199514,34.640941
43,-38.28357,37.161782
45,-40.23685,39.581337
31,-27.844404,27.681458
48,-43.19716,43.387247
33,-29.69323,30.123854
34,-30.361908,31.047519
35,-30.989425,31.940672
55,-47.56947,49.518895
38,-32.374817,34.040024
39,-32.854158,34.82641
20,-16.593214,17.698593
55,-46.142692,49.609586
32,-26.692004,29.029024
42,-34.284163,37.815125
35,-27.798542,31.347523
36,-27.786469,32.528576
38,-26.20983,34.497592
10,9.249183,6.087922
38,34.30852,-23.604877
37,33.359615,-24.878643
37,32.902813,-24.214436
39,34.843406,-21.969516
16,1.691125,14.653193
36,-23.889185,32.538792
48,-35.939724,43.483624
38,-29.457041,34.172754
45,-35.8973,40.790895
35,-27.71634,31.096279
19,-15.03953,16.769764
55,-44.140022,49.469722
34,-27.036355,30.679519
32,-25.163332,28.859998
44,-34.307147,39.917813
40,-30.283839,35.925891
36,-26.375864,31.996141
41,-29.288526,36.657002
40,-27.546673,36.38164
38,-22.597199,33.839693
12,5.411919,10.835099
39,35.007894,-30.653288
40,35.428756,-35.794914
43,36.279546,-38.801266
41,33.153156,-36.71212
34,27.143934,-30.748567
37,29.008655,-33.437035
40,30.796588,-36.065357
43,32.510592,-38.633392
46,34.15352,-41.140872
32,23.647939,-28.790206
50,36.741506,-45.184233
35,25.31329,-31.428627
36,25.947229,-32.451591
37,26.563601,-33.455731
38,27.162961,-34.4408
39,27.745867,-35.406508
0,0.0,0.0
55,39.050626,-49.795121
32,22.760777,-28.842234
41,29.382675,-37.02466
33,23.872583,-29.889287
39,28.209877,-35.029761
8,6.688639,-7.463529
40,-28.922329,35.95015
40,-29.364449,36.225221
38,-27.62434,33.912759
41,-30.517267,37.289019
44,-32.698767,39.734228
34,-25.533805,30.845131
46,-34.838026,41.772474
35,-26.352087,31.304354
46,-34.898813,40.959226
33,-25.636819,29.625789
41,-32.946259,37.297512
38,-30.946001,33.928551
40,-34.898493,36.262304
39,-34.676464,32.117437
34,-30.36408,18.395022
0,0.0,0.0
17,-15.203967,-4.819858
23,1.465538,-21.092486
34,19.188556,-30.283582
17,1.827097,15.170207
36,-14.13267,32.247383
34,-15.169253,30.537353
34,-16.127069,30.952483
30,-14.602436,27.338574
47,-23.007201,42.341909
26,-13.079813,23.833027
44,-21.654753,39.249386
32,-15.82113,28.588911
34,-16.947048,30.598625
36,-18.084678,32.669732
39,-19.230197,34.802249
41,-20.379431,36.996178
0,0.0,0.0
41,-19.923858,36.741225
38,-17.92668,34.033114
35,-16.022309,31.380264
47,-20.657848,42.218
28,-11.646111,24.992027
37,-14.483609,32.898858
40,-14.13843,35.59623
30,-8.745496,26.564291
29,-3.859348,26.137304
31,27.785083,-16.532449
42,27.824232,-37.636945
41,24.33157,-36.94434
39,21.73181,-34.873559
43,23.463306,-39.07841
35,18.578634,-31.776545
37,19.298774,-33.663264
39,19.909257,-35.3433
41,20.408565,-36.815635
42,20.794616,-38.079204
29,14.020476,-25.984522
44,21.179224,-39.718182
30,14.166245,-26.881516
45,21.227827,-40.768683
30,14.082741,-27.384287
31,13.982629,-27.474128
46,20.700164,-41.239634
30,13.558944,-27.418272
30,13.318075,-27.283043
15,6.555629,-13.570536
42,17.746993,-37.674525
35,14.205063,-31.949772
29,10.790512,-26.499881
24,7.520995,-21.32503
28,5.711965,-24.788677
15,-3.368188,-13.568083
29,-26.184009,10.955038
39,-34.68571,33.228561
40,-31.033636,35.890318
39,-27.514365,35.407937
43,-27.728311,39.139023
37,-21.510215,33.209444
38,-20.223189,34.254547
29,-13.938159,26.024376
39,-16.432176,34.679393
29,-10.361401,25.681668
28,-8.382025,25.135271
27,-6.137827,24.352838
26,-3.631893,23.337075
25,-0.868018,22.090837
23,2.149322,20.61716
21,5.415028,18.919289
19,8.923438,17.000718
17,12.668417,14.865232
6,5.094981,4.44362
16,14.497721,13.163809
15,11.649569,13.509026
20,11.296479,18.261673
20,6.72654,18.22013
25,2.478372,22.230433
28,-4.803814,25.150279
40,-23.44866,36.07606
41,-37.006851,25.887506
34,-30.173065,10.434509
29,-26.425504,3.031352
28,-25.180211,-3.099957
21,-18.799439,-7.741952
14,-12.888143,-9.855084
19,-12.571969,-17.242323
20,-6.594632,-18.000452
18,-2.585871,-16.103568
28,0.112454,-25.131353
24,3.034266,-21.726037
37,8.384639,-33.004463
31,9.81541,-27.920209
11,3.984606,-9.931588
43,17.238519,-38.463459
29,13.493916,-26.385845
36,18.398101,-31.950078
39,23.106315,-34.807612
38,27.001605,-34.31508
37,33.112354,-33.164094
38,33.826745,-21.212981
23,20.466875,0.187808
14,7.719372,12.767645
26,-0.73968,23.748506
26,-6.375238,23.624659
40,-14.806061,35.587745
31,-14.588658,28.05832
44,-23.989614,39.882966
40,-24.115884,35.709817
32,-21.137688,28.978702
46,-32.475693,41.543426
37,-27.732541,33.324139
39,-30.763123,35.174414
0,0.0,0.0
48,-37.988165,43.319762
38,-28.372437,34.223923
35,-23.292848,31.205087
33,-12.502464,29.817673
32,28.97259,-6.497789
39,35.309489,-19.795228
39,35.14537,-21.502339
38,34.378805,-20.908631
36,32.568762,-17.712484
23,20.250309,3.171308
42,-25.575324,38.110921
42,-31.446481,37.401602
32,-25.63232,28.856744
38,-31.111929,34.088178
14,-11.644872,12.585265
40,-32.957648,35.864291
44,-35.173857,39.384361
34,-25.912475,30.440394
38,-25.515604,34.064612
18,15.857446,6.294448
38,34.522845,-21.977737
42,38.201014,-26.282456
39,35.396277,-24.416475
39,35.100749,-23.380031
41,37.110501,-22.479473
36,32.308338,-14.322421
18,16.055879,10.89534
43,-16.931498,38.286013
34,-19.580025,30.918975
10,-6.170749,9.086055
46,-26.720058,41.269085
34,-16.698353,30.722116
37,-8.556628,33.353043
30,27.185587,-4.705925
38,34.031988,-30.512412
39,28.668435,-35.362881
40,22.051697,-35.901442
36,14.131506,-32.551696
36,7.645934,-32.570947
34,-0.796957,-31.002823
21,-6.18135,-18.981848
19,-11.368024,-17.035033
19,-17.121464,-14.550603
19,-16.954933,-8.94405
23,-20.742117,-6.980235
28,-24.761789,-4.756343
21,-18.854608,-1.801758
31,-27.672787,-1.40793
26,-23.755219,-0.640246
29,-26.075699,0.178049
27,-24.484989,1.65314
27,-24.73492,6.434477
24,1.824833,21.903189
13,10.959673,11.973215
16,14.267133,14.257183
15,13.334555,13.717513
17,13.695977,15.438947
15,10.597047,13.604239
21,11.995462,18.564438
23,9.685585,20.262684
24,6.359072,21.899958
26,1.986279,23.457077
33,-4.898565,30.077452
36,-14.625949,32.042974
12,-7.366525,11.097686
41,-22.522767,36.779604
16,14.634792,10.874801
42,37.37623,-19.302348
39,34.65233,-20.931931
41,36.735301,-22.339164
39,35.081177,-19.867179
40,35.841393,-15.497834
25,22.112852,6.867174
39,-10.802064,35.436159
41,-21.272794,37.289987
8,-4.754395,7.531786
41,-24.610625,36.932738
27,-23.861434,20.392744
40,14.201318,-35.866938
39,19.276468,-35.015709
41,24.28135,-36.631271
39,30.053503,-35.368698
36,32.311841,-21.572857
27,24.105424,6.386765
25,11.840468,22.513837
27,5.612454,24.71937
37,3.6509,33.437468
35,1.430465,31.292769
27,0.340833,24.014525
30,-0.132472,26.657506
0,0.0,0.0
43,0.595432,38.921335
25,1.547535,22.60357
32,3.790156,29.129191
34,7.308027,30.430275
24,9.274467,21.532759
21,19.231841,18.627771
36,32.521048,-10.758671
39,23.589861,-35.087164
41,13.601151,-37.287061
39,6.749463,-35.275247
33,1.20454,-29.609305
31,-3.627984,-28.072113
28,-9.264032,-24.899079
22,-15.743059,-20.077675
26,-23.102219,-13.595555
27,-24.392185,-5.085823
34,-30.162868,0.994052
40,-36.416743,7.938822
35,-31.707735,11.033597
40,-35.69989,15.795059
14,-12.821578,6.386598
40,-36.285703,18.00837
44,-39.757797,18.010377
34,-30.534448,11.681798
37,-33.317419,7.048975
24,-5.22992,-21.605933
35,29.03395,-31.210966
39,35.073614,-27.523403
40,35.596225,-22.659757
42,38.19296,-19.24437
36,32.113884,-11.686143
41,36.878855,-6.726595
31,27.818301,2.087059
26,23.818812,10.528241
17,15.357418,15.400771
25,11.425655,22.337851
33,6.930533,29.944986
31,1.929349,27.850182
36,-1.103251,32.780064
27,-2.515335,24.728576
0,0.0,0.0
40,-3.427823,35.979546
34,-0.781265,30.40966
36,2.470195,32.42294
32,7.656964,28.514888
21,14.09482,18.503495
33,29.947185,-0.799067
34,30.456118,-30.355614
42,19.268047,-37.793908
36,8.811408,-32.310101
37,2.052358,-32.877776
34,-6.483158,-30.859349
25,-13.241268,-22.276359
24,-21.528405,-17.493299
27,-23.939922,-9.486169
34,-30.543463,-4.582134
31,-27.598392,0.288902
35,-31.900869,3.884143
41,-36.459285,7.846869
30,-26.965759,7.616636
50,-44.629347,15.282408
18,-16.029621,6.179232
51,-45.890068,17.672344
30,-27.255152,9.933285
40,-36.085089,12.253152
34,-30.580585,9.239824
36,-32.70512,7.971542
37,-33.15043,3.657238
21,-18.518565,-9.574606
37,24.947481,-33.542465
41,36.637129,-24.109647
38,34.066479,-16.051
41,37.183713,-11.892906
35,31.757984,-5.167899
28,25.002614,-0.13167
33,29.716773,5.875061
24,21.800543,10.291633
22,19.408313,15.927678
18,12.645357,16.008614
30,13.877751,27.240451
28,7.889166,25.173798
33,5.501188,29.511932
25,2.245209,22.204385
0,0.0,0.0
35,2.76272,31.910142
37,4.386125,33.719879
27,4.953712,24.325349
26,11.086622,23.575493
29,25.138613,-26.543922
38,14.67305,-34.21204
40,14.669134,-35.737652
43,16.908864,-38.748959
36,15.944651,-32.604529
41,21.447245,-37.116678
36,23.994496,-32.314792
40,35.930796,-30.798915
39,35.172086,-10.608568
30,27.405399,4.447082
26,23.469232,12.100809
28,25.06194,20.683163
15,13.21726,13.852322
0,0.0,0.0
23,20.176758,20.834367
22,19.994263,17.385108
29,26.057097,18.151356
21,18.875417,10.098336
33,29.744771,10.730478
36,32.10745,3.978045
35,31.319547,-5.520481
36,32.785241,-24.516432
38,8.504431,-34.342571
28,-11.75088,-24.750168
27,-24.331248,-17.539332
29,-26.171201,-8.383427
38,-34.06055,-3.63018
37,-33.27288,1.303466
32,-28.644517,3.830478
48,-43.330151,9.404425
41,-36.500141,10.615952
29,-26.303512,8.920575
47,-42.495529,16.342841
34,-30.406434,12.985406
18,-15.83857,7.149563
50,-45.17084,21.306232
30,-26.869043,13.279354
40,-35.612067,18.494071
43,-39.093475,21.949155
40,-36.171423,23.038812
35,-31.108722,26.798984
21,9.352587,18.553031
39,35.476896,-2.515922
35,31.179448,-6.387722
41,36.772932,-9.78469
36,32.696433,-10.11089
49,44.030667,-15.305041
31,27.675281,-10.52733
42,37.867357,-15.523782
43,38.450465,-17.149526
43,38.465881,-18.705666
32,28.519449,-15.015184
41,37.134972,-21.296028
40,35.604721,-22.718127
37,33.52043,-24.108613
34,30.887833,-25.473396
8,7.246991,-6.578922
37,33.082497,-28.749024
42,37.496276,-26.578588
37,33.397358,-13.629666
22,20.212668,15.497714
38,-9.740946,34.630366
41,-23.824572,37.28583
35,-28.008721,31.783971
34,-30.423897,27.632982
40,-36.218785,26.783826
38,-34.5277,20.862991
34,-30.419213,15.280365
46,-41.460254,16.818341
40,-35.865502,11.252687
32,-28.439451,6.957533
44,-39.923543,7.066275
11,-10.331237,1.342133
43,-38.86942,5.686907
37,-33.49103,6.783043
38,-34.481363,9.480085
39,-34.872335,13.992004
29,-24.360872,25.969585
30,27.251702,9.286417
38,33.940734,-2.129107
36,31.99844,-5.776987
42,38.224911,-9.816247
39,34.920986,-11.051685
43,38.662576,-14.134869
35,31.388131,-12.758265
50,44.955564,-20.066703
40,35.990244,-17.465173
28,25.053551,-12.84682
43,39.141861,-21.146993
46,40.983523,-23.485919
31,28.328819,-17.005323
49,43.980154,-27.603724
34,30.29942,-19.843011
35,31.07434,-21.030421
18,15.825745,-10.969931
50,45.109824,-30.765409
30,27.172784,-17.711335
41,36.531408,-22.594046
35,31.611528,-18.091701
39,34.804103,-17.623062
42,37.355738,-13.872501
29,26.406926,4.999706
40,-15.292216,36.110966
38,-29.725752,34.265965
32,-29.138226,27.796867
39,-34.749533,29.319791
35,-31.269494,23.818875
38,-33.888865,23.537426
40,-36.083089,22.698095
31,-28.247938,16.13653
43,-38.906223,19.882963
44,-39.937897,17.501341
34,-30.373656,11.222931
45,-40.710765,11.970565
34,-30.450252,6.42043
45,-40.124156,4.689759
33,-29.477345,0.298262
11,-9.667726,-0.562087
40,-35.973033,-1.358956
34,-31.022024,1.440255
42,-37.49695,6.302291
37,-33.611248,13.632783
31,-15.435941,28.312597
28,24.975484,16.501235
36,32.10583,3.75928
34,30.347288,-1.896556
40,36.323846,-6.554187
37,33.239867,-9.095199
41,36.856633,-12.932103
45,40.385868,-17.152551
36,32.556745,-15.866335
38,34.466266,-18.621662
40,36.349629,-21.542187
42,38.211762,-24.629066
29,26.501136,-18.217005
46,41.284256,-30.146834
32,28.542863,-22.052078
33,29.359624,-23.674403
51,45.576969,-38.664739
0,0.0,0.0
50,44.873737,-38.5293
31,28.105943,-23.424839
30,26.660965,-21.66533
41,37.29175,-29.291306
38,34.07034,-25.569072
34,30.874907,-21.98708
31,27.71065,-18.543784
44,39.251291,-23.625812
34,30.749717,-15.063666
38,34.606719,-7.466499
31,5.328352,27.863891
40,-21.287839,36.162237
39,-27.488457,35.056945
30,-23.573978,26.672958
32,-27.627285,29.026399
35,-31.55892,31.138874
39,-35.37196,33.015186
32,-28.961863,25.853194
34,-30.994623,26.682047
37,-32.981401,27.415997
39,-34.923476,28.056253
27,-24.339765,19.014124
42,-38.064494,28.918264
29,-26.3951,19.504369
0,0.0,0.0
42,-37.7026,27.041283
36,-32.849633,22.512229
41,-36.58887,23.342314
32,-28.75667,16.199631
40,-35.719721,13.177031
29,-1.062437,-26.522523
39,29.027277,-35.181585
30,27.250389,-26.537209
37,33.292251,-28.547424
34,30.433071,-23.444162
37,33.348881,-23.285478
40,35.834283,-22.481317
42,37.886586,-21.031354
44,39.505066,-18.936392
34,30.43079,-12.440534
46,41.299858,-13.724683
35,31.287726,-7.79817
35,31.361193,-5.362629
46,41.634212,-2.903789
34,30.875732,1.347294
34,30.399115,4.657742
33,29.771031,8.22545
0,0.0,0.0
41,36.611485,10.661518
35,31.445392,5.408504
36,32.165053,0.193614
36,32.104326,-9.988417
36,21.661447,-32.69014
38,-6.524052,-34.129593
25,-15.578884,-22.423552
27,-24.042169,-19.508405
36,-32.110316,-14.303032
36,-32.664565,-6.290035
33,-29.858793,-0.396887
37,-33.066981,4.450233
40,-36.174678,9.962293
44,-39.172455,16.132238
35,-31.271494,16.539449
49,-44.100103,28.488066
26,-23.031959,17.180628
40,-35.70369,29.66241
41,-37.000107,34.565014
29,-25.328924,25.895197
31,-25.811768,28.265622
34,-26.248872,30.711709
0,0.0,0.0
51,-37.971472,45.85654
31,-23.444014,28.279095
29,-21.973185,26.471484
40,-30.246041,36.367674
25,-18.382113,22.052515
43,-32.563739,38.949229
28,-20.80653,24.795782
37,-27.918357,33.162215
33,-25.158566,29.952799
9,8.184713,-3.672752
35,31.213893,-29.486137
35,31.893856,-29.5465
35,31.283134,-28.342659
30,26.831623,-23.826921
33,29.722401,-25.900923
36,32.614949,-27.855789
39,35.508236,-29.688344
43,38.400979,-31.39522
30,27.206792,-21.814734
32,28.490572,-22.476751
33,29.772992,-23.098765
35,31.053687,-23.679967
36,32.332283,-24.21952
37,33.608394,-24.716552
39,34.881633,-25.170164
40,36.151608,-25.579422
42,37.41793,-25.943364
43,38.680212,-26.260993
0,0.0,0.0
42,38.046322,-25.235409
39,35.543997,-22.957099
37,33.080448,-20.766113
34,30.657477,-18.660652
46,41.535775,-24.225835
28,24.78755,-13.759186
48,42.812596,-22.134149
38,34.109302,-15.461794
34,30.987284,-10.830969
29,26.012145,6.467516
36,-24.185029,32.637101
35,-31.667385,28.19737
39,-35.001119,27.097542
37,-33.075118,23.424801
31,-27.506579,18.306007
44,-39.961512,25.04854
36,-32.223321,19.033252
38,-33.973163,19.044253
40,-35.561619,18.874028
41,-36.989578,18.521648
43,-38.257708,17.985968
29,-26.130911,11.601928
44,-40.016966,16.682147
45,-40.859774,15.650756
31,-27.628945,9.767657
47,-41.907562,13.511259
31,-28.17748,8.164487
0,0.0,0.0
45,-40.147196,10.620022
40,-35.789927,8.486007
35,-31.59276,6.414038
40,-35.870861,5.453353
39,-35.32121,2.110077
37,-33.00783,-5.060572
20,-17.240092,-18.293558
40,11.517114,-36.121622
36,26.616101,-32.515558
37,33.119093,-30.585967
38,34.01518,-26.473271
35,31.297259,-21.437809
37,33.156957,-20.225547
38,34.244787,-18.414821
38,34.562061,-16.014478
45,40.812441,-15.234425
36,32.563363,-8.711984
21,18.567282,-3.240593
41,36.657268,-2.526108
20,-13.886437,18.419934
40,-36.112397,14.450006
7,3.621507,-6.09841
41,36.703289,-15.540443
45,40.949593,-16.24038
35,31.244853,-11.945475
41,36.681211,-13.648077
47,42.469403,-15.370378
35,31.702335,-11.203171
38,34.535466,-11.960322
42,37.472832,-12.704318
45,40.514429,-13.428852
49,43.660253,-14.127038
26,23.042381,-7.315071
0,0.0,0.0
50,45.319686,-14.411222
47,42.190959,-13.679298
22,19.942756,-6.578973
42,37.621179,-12.661075
39,34.656894,-12.027225
52,46.571207,-16.916115
31,27.53394,-10.561911
40,36.194867,-14.813791
43,39.073017,-17.889381
32,29.054108,-15.795904
31,28.308034,-22.533423
26,-15.078793,-22.97639
36,-32.629492,-1.114651
42,-37.804617,4.316923
41,-36.466694,7.179909
46,-41.439613,10.716686
38,-34.031974,10.479471
40,-36.318879,12.662666
43,-38.385252,14.922413
30,-26.628558,11.239268
46,-41.334749,18.845034
32,-28.386989,13.914275
49,-43.65752,22.939935
33,-29.723529,16.694569
33,-30.137828,17.8317
51,-45.83045,28.906306
34,-30.865924,20.725677
34,-31.03166,21.900363
35,-31.124099,23.082954
35,-31.142056,24.27227
35,-31.084246,25.467187
0,0.0,0.0
48,-43.02054,36.748787
28,-24.874729,21.927336
35,-31.865422,29.139354
28,-25.63985,24.779927
36,-29.833967,32.093788
33,-17.666887,29.43472
34,30.676532,1.580129
39,35.471945,-14.406296
41,37.326016,-17.921292
38,33.888347,-17.433932
41,36.655753,-19.597313
43,38.672367,-21.226295
33,29.875237,-16.673551
34,30.268443,-17.079229
45,40.418516,-23.037909
33,29.944955,-17.209742
43,38.8252,-22.471606
31,27.876111,-16.242882
39,34.898281,-20.47775
43,38.897601,-23.076604
36,32.247783,-19.480597
35,31.11528,-19.625105
0,0.0,0.0
34,29.339498,-30.34168
37,18.78204,-33.198843
41,16.631488,-36.953369
37,14.832988,-33.130473
38,18.743167,-34.348294
34,25.860788,-30.324874
42,37.864885,-18.051153
34,30.949394,-0.117942
35,31.741687,8.601532
34,30.688837,14.223482
31,27.658487,16.518318
25,22.725344,15.638895
37,33.165284,25.504086
20,17.893818,14.860822
21,18.820206,16.336496
29,26.438594,24.332813
24,21.610621,21.698151
28,21.80121,24.80279
27,16.978539,24.390511
33,0.72825,30.105221
36,-32.766933,-9.536914
32,-28.538997,-21.272576
24,-21.064798,-21.92032
30,-19.77719,-27.241826
28,-13.791994,-25.475313
40,-13.325054,-36.279144
36,-6.507754,-32.458205
39,-1.914617,-35.416476
32,2.075811,-28.451336
45,8.108021,-40.380136
36,10.530733,-32.063283
37,14.722177,-33.532822
39,19.249775,-34.94428
40,24.11012,-36.286608
42,29.29971,-37.54577
29,22.577242,-25.681213
29,25.124218,-26.161728
15,13.546933,-13.248895
44,39.671169,-37.176772
27,24.268966,-21.833987
37,33.173172,-28.522587
33,29.351437,-23.682774
37,33.313867,-24.497978
30,26.837379,-16.96357
39,35.111576,-13.693401
28,8.534679,25.137997
42,-21.391351,37.670926
33,-22.549521,29.807008
37,-29.021359,33.419505
32,-27.555551,28.672483
35,-31.154266,29.851792
28,-25.588281,22.863966
30,-27.387808,23.039729
44,-39.156496,30.63472
35,-31.229917,22.644646
36,-32.728312,22.131909
38,-34.140164,21.41397
39,-35.466708,20.49135
27,-24.3397,13.047478
42,-37.490048,18.500135
43,-38.591705,17.034104
44,-39.608338,15.365235
15,-13.413801,4.71591
42,-38.168956,13.96659
38,-33.806003,14.115681
43,-38.509186,18.743163
35,-31.283962,18.297733
38,-34.044955,25.842574
33,-22.963231,29.826076
34,8.533592,30.394761
34,30.618071,7.865077
38,34.212997,-1.905539
39,34.996456,-7.306626
45,40.225768,-12.976242
39,35.53301,-14.765872
42,38.18027,-18.919808
34,30.192891,-17.061946
35,31.392402,-19.640434
36,32.474008,-22.32653
37,33.442114,-25.122733
38,34.301653,-28.031623
26,23.294142,-20.360638
39,35.508102,-33.137355
27,24.009935,-23.874248
28,24.249983,-25.342475
45,36.772373,-40.846967
16,12.352168,-14.389807
47,35.36743,-41.927337
29,21.641428,-25.948506
27,20.107595,-24.381742
37,27.317826,-33.699535
34,23.953721,-30.337333
39,26.806949,-35.378787
33,21.08102,-29.773219
33,18.547139,-29.630832
39,12.395103,-35.306468
37,-33.054755,0.156165
40,-36.106629,20.045273
37,-32.886805,21.915264
34,-30.224604,21.891548
37,-33.452335,25.622722
40,-36.443631,29.219889
32,-29.151881,24.193789
34,-30.597957,26.082284
35,-31.94133,27.911323
24,-21.989508,19.593798
38,-33.950227,30.824391
39,-35.016567,32.488917
27,-23.88502,22.552378
41,-36.560548,35.119774
28,-24.816777,24.245195
28,-25.134681,24.887379
0,0.0,0.0
41,-36.062056,36.616328
26,-21.998943,23.081981
36,-30.000087,32.606777
34,-26.48025,30.164995
31,-23.047947,27.703235
37,-25.541644,33.083216
39,-23.874058,35.129801
37,-17.353802,33.0081
37,-3.239113,32.910763
34,30.51798,4.678739
40,36.416247,-13.885696
37,33.52304,-17.788202
44,39.446456,-24.236687
29,26.393503,-17.594984
42,38.249736,-26.974896
34,30.907932,-22.837541
36,32.750611,-25.04576
38,34.54039,-27.230617
27,23.995833,-19.355997
42,37.410017,-30.820054
29,25.863084,-21.727334
30,26.585029,-22.663813
46,41.200982,-35.736665
31,28.329914,-24.975178
32,29.00457,-25.887916
16,14.75123,-13.284151
47,42.13971,-38.595579
28,25.516746,-23.994745
26,23.508257,-22.646095
35,31.596747,-31.509667
32,27.337499,-28.6461
29,23.237465,-25.872974
34,24.884822,-30.324152
35,21.852054,-31.438238
36,14.703988,-32.4552
29,-12.15703,-25.979423
38,-34.391399,3.70352
43,-38.275304,15.856021
36,-32.101042,17.96067
39,-35.101178,23.259697
33,-29.660203,22.275604
34,-30.579559,25.405442
34,-31.047338,28.406982
35,-31.059377,31.273025
28,-23.025938,25.250321
40,-29.97139,35.942995
32,-21.675781,28.581239
33,-20.767349,29.900694
11,-6.686114,10.248688
43,-25.590556,38.864016
38,-23.753285,34.096174
33,-21.84549,29.393571
34,-24.499828,30.226567
30,-25.042472,26.878448
36,-32.407575,23.327201
26,-11.221628,-23.719132
40,12.877456,-36.364821
42,18.780279,-37.545597
33,17.173503,-29.7811
37,21.092058,-33.486834
41,25.179764,-37.104851
33,21.669298,-30.14634
36,24.135247,-32.085576
38,26.672176,-33.979085
40,29.279583,-35.823636
28,21.002791,-24.881374
43,33.780013,-38.779086
30,24.066775,-26.798353
31,25.327561,-27.533047
31,26.608131,-28.247908
16,13.790397,-14.385532
46,40.404943,-41.18031
28,25.316024,-25.014019
27,24.018501,-23.109844
37,33.597546,-31.182833
34,30.690623,-27.124848
31,27.800555,-23.200979
36,32.612425,-25.059755
31,27.585804,-18.629026
40,36.440938,-18.036744
31,28.025221,5.793155
41,-3.67768,37.199691
39,-14.639689,35.12564
40,-18.905684,35.8444
36,-19.316052,32.632064
40,-22.889377,35.888316
32,-19.427852,28.910762
34,-21.300711,30.510829
36,-23.11578,32.013381
37,-24.873861,33.419284
39,-26.575894,34.729304
40,-28.222955,35.944116
27,-19.703729,24.590891
42,-30.849207,37.758786
29,-21.406285,25.71362
29,-22.060981,26.11417
29,-22.70109,26.487091
41,-31.899531,36.844818
34,-26.869532,30.718625
28,-22.158023,24.866155
32,-27.280088,29.209689
25,-22.255613,11.172492
41,18.609155,-36.754564
35,18.506588,-31.476686
42,22.925543,-37.519487
37,20.763889,-33.383381
40,22.282593,-35.568589
31,17.349625,-27.663693
42,23.495804,-37.608662
31,17.556042,-28.347408
42,22.81589,-37.398186
40,21.552366,-36.276643
29,14.944102,-26.036205
45,21.757687,-40.26169
32,13.819951,-28.581139
44,14.347158,-39.94438
28,-2.967585,-25.633372
23,-21.142132,10.803527
29,13.75659,26.283612
36,32.377051,4.7764
36,31.992534,-20.709733
34,27.414856,-30.799299
35,22.210647,-31.934949
46,24.524452,-41.322851
33,15.892846,-29.707681
37,16.833146,-33.652397
42,17.83125,-37.809528
47,18.898195,-42.179322
34,13.23101,-30.652334
36,13.768168,-32.752212
19,7.094784,-17.1833
55,21.092867,-49.687288
34,13.563916,-30.187935
31,13.11907,-27.886292
42,18.76617,-37.603907
36,17.574823,-32.657152
40,21.415837,-36.089773
37,23.261573,-33.602962
30,25.489556,-26.735238
26,23.650388,7.476544
41,-1.590612,37.339532
38,-7.436629,34.50333
47,-12.467865,42.298322
32,-9.919277,28.847549
47,-16.09607,42.218833
38,-14.241578,34.300607
40,-16.116718,36.40774
43,-18.007301,38.379115
30,-13.063562,26.615018
46,-21.197231,41.367801
32,-15.208253,28.485522
49,-24.444114,43.99318
33,-17.394471,30.117106
34,-18.282328,30.704427
35,-19.178637,31.25516
35,-20.083966,31.769826
36,-20.998906,32.248966
36,-21.924062,32.693143
37,-22.860056,33.102943
0,0.0,0.0
36,-22.535341,32.404121
50,-30.891768,45.266841
31,-18.723195,27.959817
29,-17.280653,26.193211
40,-23.316012,35.994635
36,-20.323463,32.066988
41,-22.693898,36.704021
33,-17.963559,29.867563
36,-18.760913,32.191736
10,-6.18762,9.118978
40,17.126687,-36.100485
38,15.810048,-34.500481
38,15.186492,-34.02554
44,17.262873,-39.610734
37,14.216285,-33.303851
40,15.235353,-36.332262
44,16.19573,-39.312754
31,11.302965,-27.840856
49,17.673341,-44.174892
34,12.239146,-31.038786
36,12.587413,-32.293813
37,12.921376,-33.535169
39,13.241457,-34.762935
40,13.54806,-35.977186
41,13.841573,-37.177994
43,14.122372,-38.365419
44,14.390816,-39.539518
45,14.647253,-40.700332
0,0.0,0.0
44,14.636133,-39.872162
41,14.332208,-37.106321
38,13.982582,-34.404177
35,13.592202,-31.765731
48,19.578457,-42.840893
41,18.515535,-37.262938
35,17.367712,-31.90044
38,21.256549,-34.565351
29,18.977502,-25.928626
34,30.830627,-28.007088
31,28.081798,9.841257
33,6.414574,29.598187
41,-0.198847,36.699834
41,-4.099248,37.218191
37,-5.8149,33.379233
40,-8.046655,36.015763
42,-10.267045,38.129859
33,-9.156132,29.671614
45,-14.155734,40.5788
34,-12.087325,30.914646
46,-18.099832,41.449256
34,-15.083523,30.980978
45,-22.16189,40.761871
33,-18.191115,29.888358
11,-6.368124,9.791346
39,-23.633484,35.18433
37,-23.820237,33.730403
33,-23.634105,29.454568
19,-17.099478,-5.487233
42,10.546578,-37.950423
39,12.61465,-35.202405
38,13.383348,-34.219809
42,15.592809,-37.810836
36,13.805952,-32.299091
37,14.769433,-33.680224
48,19.496603,-43.422243
39,16.160613,-35.29973
29,12.302208,-26.536056
39,16.460352,-35.137791
48,20.334237,-42.961267
37,15.777854,-33.107494
35,15.072558,-31.548858
33,14.112636,-29.587168
43,17.37051,-38.679726
20,-3.813991,-18.197564
33,-28.484115,30.095936
28,-25.263723,14.984524
40,13.208905,-36.196673
38,15.898359,-33.992564
40,18.123362,-36.247619
50,23.547069,-45.155163
29,13.996911,-26.164263
49,23.9998,-44.004769
36,18.125432,-32.650226
39,19.928085,-35.413479
43,21.822068,-38.27209
46,23.810862,-41.225149
0,0.0,0.0
45,23.495217,-40.890084
41,20.85838,-37.284356
38,18.298085,-33.796961
34,15.819468,-30.42595
44,19.271798,-39.568515
36,14.198833,-32.621367
37,11.608231,-33.333146
36,2.501864,-32.825695
35,-31.831924,4.267779
39,-35.377661,31.19515
36,-29.015072,32.705056
35,-23.995571,31.085542
38,-23.63163,34.487599
41,-22.290689,36.98638
32,-15.253031,28.835076
44,-17.609718,39.182316
44,-13.615881,39.199577
32,-7.02188,28.876144
41,-4.360195,37.101926
39,2.200603,34.718983
35,9.668499,31.507687
23,12.689904,21.044846
28,24.878349,24.00669
28,25.104235,14.577839
34,31.03389,11.332218
13,11.724965,3.011868
37,33.56542,8.783731
32,28.421894,9.29568
34,30.412815,12.79118
30,26.991091,15.950955
26,20.995114,23.550729
31,-13.418351,28.155565
38,-34.178202,4.232379
37,-33.295546,-9.381522
27,-24.532697,-15.951814
27,-21.319321,-24.707234
31,-13.441976,-28.039484
39,-7.888668,-35.490275
38,-1.276698,-34.194611
33,2.503066,-29.251713
49,8.598842,-44.079038
41,10.840549,-37.047266
30,9.510458,-26.672517
48,17.948947,-43.066627
34,14.572827,-30.803163
36,16.779911,-32.517185
0,0.0,0.0
52,24.397275,-46.825806
31,13.578069,-27.691129
41,16.510121,-36.452992
44,15.199305,-39.535964
33,7.978934,-29.749356
34,-1.438932,-30.367318
38,-33.956796,1.151566
34,-30.189009,21.901279
39,-35.159809,34.228324
32,-24.914064,28.605059
36,-25.184597,32.478989
40,-24.673336,35.69866
43,-23.380204,38.260021
33,-16.217276,29.979026
46,-19.24307,41.155923
35,-12.225352,31.396941
35,-9.974677,31.547397
46,-9.24545,41.831822
34,-3.482982,30.857973
44,0.552114,39.967436
32,4.711111,28.771297
31,8.732554,27.473988
29,13.054295,25.949566
27,17.67253,24.210326
17,14.492115,15.074203
31,27.493836,28.013404
21,15.964822,19.298869
26,15.592397,23.29651
33,12.51822,29.45165
38,-2.519035,33.757003
38,-34.440027,14.05738
32,-28.535099,-11.833977
27,-21.602908,-24.583366
30,-10.185025,-27.37397
39,-2.258978,-35.265683
40,5.973253,-35.576959
36,10.96025,-32.598781
40,17.254291,-36.328837
45,24.283636,-40.086516
36,23.266297,-32.531079
38,27.939654,-34.629035
27,21.373935,-24.236712
42,36.40789,-38.045737
30,27.301004,-26.462103
0,0.0,0.0
44,39.666402,-37.323901
26,23.025945,-21.665981
33,29.635619,-27.980672
34,30.846787,-29.492169
29,25.698595,-25.57335
16,0.494646,-14.28275
37,-33.591668,19.83073
38,-33.863709,20.831077
42,-38.236229,23.053671
37,-33.225969,19.003555
36,-32.779009,17.15252
41,-36.525084,15.902226
39,-35.291506,8.563915
30,-27.064852,-11.741499
36,-1.228669,-32.519769
43,12.559497,-38.527923
22,8.613282,-19.405358
41,16.617813,-37.257088
40,13.400899,-36.171583
37,6.687168,-33.612459
24,-16.289836,-21.163903
39,-34.797253,11.169276
40,-35.606034,19.962361
39,-34.822007,14.875571
39,15.818449,-35.345944
40,25.553521,-36.297613
37,24.748331,-32.938871
45,31.62694,-40.697841
26,18.58862,-23.458873
14,10.023141,-12.541241
40,28.059767,-35.943537
35,22.768602,-31.112289
38,22.696188,-34.421856
42,19.24095,-37.703039
34,-0.635941,-30.363489
38,-34.431458,4.686744
36,-32.554591,18.76391
39,-35.386165,27.462452
32,-29.096217,28.109218
39,-28.42608,35.324387
39,-18.089705,35.02222
35,-3.151486,31.607051
28,16.369561,25.24982
29,26.169691,12.665582
34,30.891365,6.26353
33,29.528772,2.205859
39,35.373892,-0.063738
0,0.0,0.0
39,35.222059,-0.594773
42,37.473665,0.857713
30,27.425904,2.228919
33,29.499731,7.745906
35,-31.061891,13.839308
39,-35.304508,3.009646
39,-35.527946,-0.109705
34,-31.011275,-2.565282
34,-30.417609,-5.335067
31,-28.066935,-8.646553
27,-23.956779,-12.55013
23,-20.842922,-21.110926
32,-9.343554,-28.806299
34,3.193806,-30.73255
42,15.052401,-37.552606
39,21.760307,-35.359987
33,22.578147,-29.799184
24,18.241919,-21.479719
45,34.789634,-40.581025
29,20.633733,-25.75885
38,24.772957,-34.530369
39,17.378507,-35.030735
24,-21.542795,-8.939827
42,-37.799207,23.84146
35,-31.081543,26.435388
37,-33.127988,33.460422
36,-27.511262,32.349559
40,-25.996015,35.623699
34,-18.801062,30.35795
44,-19.870766,39.652362
36,-12.145542,32.63546
37,-8.056934,33.060876
46,-3.259206,41.410759
27,2.200727,24.656446
36,8.393288,32.405298
26,10.769882,23.814891
26,14.931111,23.294887
0,0.0,0.0
32,19.738426,28.434365
27,13.899538,23.932596
26,9.911622,23.640034
34,-5.856116,30.404235
32,-29.164946,-5.799143
27,-23.981685,-16.681324
24,-20.903758,-21.370198
25,-16.068972,-22.326802
29,-13.557953,-26.09454
26,-8.237627,-23.396289
36,-6.047333,-32.179583
39,-0.243074,-35.21892
34,4.751655,-30.211248
45,13.064204,-40.115687
38,16.839213,-33.816542
39,23.119957,-35.186403
40,29.949804,-36.373021
31,27.271743,-27.923397
23,20.598136,-18.858676
43,38.372257,-33.842294
32,29.235058,-26.299668
31,28.347198,-26.982836
14,-5.858556,-12.177392
41,-36.468522,18.129447
39,-35.514686,17.995215
41,-37.270968,17.476043
39,-34.91745,13.287054
35,-31.739246,5.238216
20,-18.352748,-16.750458
36,7.325848,-32.721345
40,18.151145,-36.43077
42,23.496632,-38.039314
38,23.404131,-34.169889
0,0.0,0.0
49,30.205095,-44.483031
31,17.033828,-27.742296
40,18.583376,-36.220787
38,7.416433,-34.216617
28,-24.853112,-6.158972
39,-35.384881,19.65151
35,-31.849439,25.126423
37,-33.449162,31.944771
41,-32.371882,36.847279
37,-24.212882,33.057468
38,-20.034662,34.007738
38,-14.292383,33.864641
36,-6.985997,32.663552
34,1.882293,30.458137
30,12.307988,27.323012
21,18.395207,19.03874
21,19.301928,12.387915
27,24.389636,10.617521
33,29.807573,8.737009
0,0.0,0.0
34,30.959453,7.789887
31,27.697168,7.730808
27,24.543946,7.525037
31,28.013823,9.4889
31,27.82896,10.611626
29,26.526712,11.751727
10,9.141786,6.650718
26,-23.508676,-14.595168
27,-23.887983,-18.126885
22,-19.656788,-17.128437
23,-21.059253,-20.734514
21,-17.399714,-19.260006
24,-17.508096,-21.702787
20,-12.987423,-17.920528
29,-16.835899,-26.14357
24,-12.067646,-21.337771
25,-11.41667,-22.8603
27,-10.610271,-24.421136
29,-9.647638,-26.022878
10,-2.974854,-9.037692
28,-9.044713,-25.448645
31,-12.923403,-28.142214
19,-10.21528,-17.031082
20,-14.117248,-17.666914
20,-18.064342,-14.671996
28,-25.044685,-8.417417
33,-29.279207,6.163247
33,-27.630096,29.373727
39,-6.622092,35.12177
25,5.803132,22.850171
25,14.693496,22.630497
17,15.361919,14.385688
23,20.250053,13.447838
28,25.506769,12.21129
25,22.798808,8.1806
29,26.111857,7.223287
33,29.574458,6.168297
24,21.712933,3.482169
40,35.672409,4.219307
29,25.912579,2.113199
31,27.666668,1.532237
16,14.5042,0.54335
46,41.392149,1.813013
27,24.558852,1.576542
36,32.464922,2.730418
30,27.437102,2.976225
32,29.196648,4.033565
32,29.20058,5.493267
6,-0.707334,5.443966
34,-30.835722,-5.261806
34,-30.32507,-7.363085
31,-28.202274,-8.539445
26,-23.556592,-8.510804
33,-29.609645,-12.892457
26,-23.016752,-12.257181
24,-21.708009,-14.131758
22,-19.742979,-16.163789
20,-17.12347,-18.372984
23,-13.851875,-20.777593
26,-9.931164,-23.393492
29,-5.364849,-26.23323
33,-0.156937,-29.305021
0,0.0,0.0
36,1.000766,-32.677822
28,-4.512279,-24.750829
24,-21.714989,-11.753229
38,-34.007298,19.703524
36,-32.493569,29.640798
37,-32.869946,33.531084
36,-32.688463,32.48029
35,-31.383837,16.985155
33,-1.260795,-29.697041
33,7.657288,-29.594187
46,13.819675,-41.465786
35,11.585388,-31.113089
0,0.0,0.0
44,14.78963,-39.284025
32,10.113599,-28.94175
36,7.127034,-32.091905
33,-30.102673,28.176509
38,-25.139399,34.408769
39,-24.983377,34.842779
41,-26.758934,36.552052
39,-27.254746,35.20721
39,-30.769395,35.311653
35,-31.441578,26.862799
33,-29.397028,2.919425
22,-9.959801,-19.847368
27,-2.4979,-24.011411
37,1.424481,-33.602773
23,2.365129,-20.6501
13,1.630281,-11.330248
36,4.176951,-32.377442
30,1.92444,-27.301432
25,-0.165647,-22.522772
26,-3.169414,-23.11383
21,-8.073815,-18.777166
16,-14.489598,-9.532656
35,-31.304116,9.437216
37,-32.861927,31.679933
38,-21.425614,34.267276
36,-11.204975,32.047313
29,-1.48985,26.340791
22,5.992789,19.610138
18,13.780311,16.284982
19,17.38477,9.911078
19,17.1208,5.268881
32,28.719051,3.735927
29,26.259559,0.073449
34,30.561009,-2.477334
25,22.875973,-3.157324
42,38.233619,-7.118956
31,28.198577,-6.40199
17,14.936759,-3.71396
48,43.388097,-11.320333
29,26.43,-7.209181
40,35.975257,-10.392969
35,31.665274,-9.965865
40,35.708272,-12.725941
32,28.519826,-12.147535
41,36.63614,-22.504349
33,6.894077,-29.453023
22,-20.130748,-10.243055
32,-28.910168,-4.363797
35,-31.527568,0.153444
33,-29.669645,2.968403
27,-24.65418,4.04978
40,-35.843288,8.019072
32,-28.955068,8.098107
46,-41.144913,13.735572
36,-32.610529,12.602694
38,-33.983248,14.648857
39,-35.24082,16.752572
40,-36.383693,18.905597
28,-24.834133,13.820556
42,-38.033626,22.581869
43,-38.869842,24.828171
44,-39.589377,27.096619
15,-13.335937,9.539277
41,-37.125385,26.344809
45,-40.5692,27.189972
34,-30.960077,18.717087
37,-33.015024,14.416283
22,-2.821872,-19.812962
40,28.480859,-36.057487
38,33.538232,-34.64392
38,34.107976,-31.688183
43,38.314623,-32.569876
36,32.803418,-25.619498
38,33.994563,-24.339581
38,34.523812,-22.230961
38,34.397026,-19.290272
37,33.622195,-15.516006
36,32.209657,-10.908802
34,30.172351,-5.47171
31,27.526101,0.789612
21,18.5523,5.192389
24,21.489232,13.703589
18,13.382044,15.797801
23,10.792485,20.896369
9,2.985538,8.154762
27,8.072642,24.212704
24,7.203693,21.897473
29,8.140742,25.666375
24,6.350432,21.753141
29,5.951807,25.660984
31,-0.890785,27.49094
33,-29.607702,4.450589
26,-23.536462,-7.059207
28,-25.231868,-8.5101
27,-24.552809,-7.957344
24,-21.930093,-6.452318
27,-23.951101,-6.157823
29,-25.964063,-5.521431
23,-20.791587,-3.519205
24,-21.921818,-2.828719
34,-30.990713,-2.456244
27,-24.5694,-0.677865
29,-25.712973,0.469255
30,-26.864677,1.747216
31,-28.026493,3.152509
11,-9.602379,1.384583
31,-28.291539,4.811952
39,-35.475724,7.459051
28,-24.884824,6.170953
34,-30.823789,8.707841
31,-28.056613,8.941074
34,-31.045847,11.005869
29,-26.402622,10.252217
36,-32.098155,13.423227
23,-20.427548,4.947488
42,37.723058,-29.398458
43,38.637459,-29.556656
40,35.903463,-27.757967
38,33.879233,-26.474183
43,38.588032,-30.464049
36,32.100923,-25.572638
39,34.863983,-27.988867
42,37.676436,-30.476149
30,26.704643,-21.733574
42,37.953536,-30.616243
46,41.409664,-32.376812
35,31.513656,-23.44989
37,33.353017,-21.860604
25,-10.55379,22.869453
38,-34.14754,33.160562
36,-32.468573,29.39311
42,-37.723305,32.697768
37,-33.088033,27.680141
39,-34.95331,28.32469
40,-36.153137,28.313367
41,-36.68681,27.643141
41,-36.552843,26.310265
40,-35.748815,24.310523
38,-34.27121,21.639453
36,-32.115273,18.292513
40,-36.068865,17.122135
28,-24.750095,8.267871
27,-24.651597,2.416122
12,-10.901626,-3.293756
14,-12.622355,-11.313444
22,-0.234149,-19.447457
34,27.516913,-30.185379
38,34.122421,-18.225937
21,18.921666,0.712826
32,-14.221376,28.740752
40,-36.26338,36.06642
40,-36.240104,30.960273
42,-37.570731,29.985941
37,-33.616209,25.796688
43,-38.585057,28.843394
49,-43.828035,32.102215
36,-32.26537,23.326561
39,-34.795309,24.953633
42,-37.403553,26.660798
22,-19.704039,13.997011
43,-38.740667,27.532139
40,-36.08416,25.698143
37,-33.478367,23.868233
34,-30.923273,22.046445
46,-41.704953,29.6805
40,-36.240899,25.662219
34,-30.947531,21.712035
37,-33.323774,22.946047
33,-29.46136,19.352097
22,-19.906866,7.126846
42,37.401966,-36.525593
44,39.789555,-34.639021
37,33.270305,-28.05745
42,38.209303,-31.581921
35,31.663675,-25.763727
38,34.058497,-27.357902
40,36.289501,-28.782396
43,38.356937,-30.035679
45,40.261024,-31.116493
31,27.817934,-21.25916
48,43.072038,-32.532068
33,29.541075,-22.041565
33,30.145919,-22.264039
51,46.24754,-33.700105
35,31.447226,-22.594162
35,31.883485,-22.636058
36,32.271623,-22.626702
36,32.611658,-22.566346
37,32.903606,-22.455301
51,45.918902,-30.439862
30,26.683345,-16.945924
38,34.384512,-20.716926
40,35.848485,-19.494626
28,25.164024,-11.079691
24,21.734637,1.175381
38,-23.33451,34.191814
37,-32.96573,32.260839
40,-35.917583,31.39394
37,-33.129495,27.058597
40,-36.161399,28.017778
43,-38.382528,28.270257
44,-39.789088,27.815238
34,-30.272135,20.135489
45,-40.275138,25.306018
33,-29.686161,17.429731
32,-28.847632,15.76122
41,-36.542304,17.885804
28,-25.498464,10.663908
34,-30.759843,9.954159
22,-20.162108,3.856741
19,-17.253713,0.408861
20,-17.8243,-5.373827
10,-8.983633,-8.888881
4,-2.082448,-3.95258
17,-6.074325,-15.490419
14,-3.806198,-12.950168
14,-2.288806,-12.859015
17,0.562571,-15.218268
13,2.361584,11.772167
24,-5.638629,21.475933
30,-10.982647,27.104531
33,-15.273618,29.522592
32,-17.717958,29.066645
37,-22.972322,33.128159
41,-28.919847,37.186613
36,-27.894148,32.674718
39,-32.522462,35.289857
42,-37.52139,37.936474
35,-31.64434,30.221506
39,-34.819358,31.775528
42,-38.147035,33.375998
0,0.0,0.0
42,-38.113593,32.483059
39,-34.664936,29.115223
46,-40.974428,33.727993
39,-35.128624,28.094269
33,-29.445019,22.665433
38,-33.865663,24.271927
32,-28.708138,15.92408
21,4.017353,-18.893691
40,30.972711,-36.439435
37,31.8294,-33.320526
45,40.093435,-39.620523
34,31.031308,-29.510614
48,43.325493,-39.933508
31,28.285811,-25.391196
45,40.237559,-35.292451
36,31.978295,-27.397934
37,33.443105,-28.062004
52,46.749624,-38.237114
27,24.254509,-19.386311
42,37.425467,-29.305721
