5727,5154.322392,-5119.003778
5431,-4888.076988,4330.346409
38,33.945796,-27.684239
35,31.361419,-25.894502
42,37.764325,-31.737902
37,33.118041,-28.511624
32,28.47298,-25.207401
43,38.704335,-35.824013
35,31.006904,-31.544675
20,-18.112981,12.204193
41,-37.203592,36.884867
37,-31.981889,33.479218
47,-38.587103,41.880842
33,-26.268208,29.300999
49,-38.579072,44.098155
41,-31.53411,36.956761
29,-22.225482,26.538263
47,-35.084347,42.73265
34,-24.513547,30.485591
36,-25.375497,32.123661
38,-26.20056,33.798872
39,-26.983789,35.513668
20,-13.771053,18.412958
42,-28.068086,38.165793
44,-28.721584,39.991185
0,0.0,0.0
48,-37.439609,43.644335
33,-25.09974,29.820987
40,-29.502503,35.852075
35,-24.984834,31.354167
36,-24.901087,32.816775
38,-23.103756,33.923191
25,-9.68768,22.73605
21,18.47121,-4.666107
38,34.207213,-26.230527
41,37.07486,-32.505435
43,38.356855,-35.59916
40,35.567953,-34.108062
44,39.912065,-39.156671
36,32.789722,-32.706176
40,35.24305,-35.588028
43,37.703011,-38.488191
30,26.50594,-27.279114
48,41.821775,-43.362932
34,29.261045,-30.546221
35,30.369032,-31.862807
37,31.480877,-33.184997
38,32.596887,-34.512809
40,33.717369,-35.846263
41,34.842627,-37.185371
0,0.0,0.0
39,-34.880082,20.379618
36,-32.31399,20.193878
33,-29.755131,19.768792
30,-27.193569,19.125809
36,-32.252415,24.159513
38,-33.806496,27.451832
39,-34.925508,32.002096
36,-24.885891,32.83527
13,11.74233,2.451207
31,27.959136,-13.411738
34,30.345063,-18.655186
34,30.616877,-20.776103
40,36.328684,-26.280647
34,31.033865,-23.495944
38,34.309219,-26.879279
42,37.610273,-30.390768
45,40.93728,-34.033652
32,29.153082,-24.779311
34,30.652034,-26.498915
54,48.807981,-43.063391
38,34.439137,-30.980533
40,35.971519,-32.847951
42,37.515099,-34.759066
43,39.070813,-36.714511
22,20.122875,-19.104569
46,41.429462,-39.732137
24,21.310327,-20.639026
32,28.66682,-12.833014
30,27.347455,-12.346434
38,34.395694,-15.848498
27,24.237567,-11.529465
34,30.229928,-15.040431
38,34.429059,-18.502209
34,30.70476,-18.451899
41,36.7784,-26.256416
37,33.316062,-31.326052
42,26.735141,-37.742981
30,11.795027,-26.923148
32,7.251664,-28.41087
22,2.454831,-19.747582
23,0.668212,-20.347466
23,-1.004891,-20.881668
18,-1.776342,-15.958179
18,-2.588876,-16.160046
12,-2.14672,-10.857784
18,-3.802312,-16.365486
12,-2.892775,-10.931542
18,-4.821158,-16.369347
12,-3.501636,-10.855701
12,-3.703286,-10.776373
12,-3.879437,-10.665867
12,-4.029018,-10.521993
6,-2.061999,-5.196006
28,25.128961,-8.002021
16,14.325779,-2.033546
15,13.436047,2.054465
8,7.380494,6.924445
16,1.412093,14.586436
22,-6.421964,20.131718
33,-16.757066,29.984782
39,-25.121207,34.703826
42,-31.872157,37.775445
36,-30.542153,32.68702
37,-33.147224,32.84102
39,-34.79144,32.130075
39,-35.465071,30.566869
39,-35.157468,28.159111
38,-33.856995,24.910459
42,-37.495076,24.420892
30,-27.437433,14.802278
25,-22.87054,8.855147
16,-14.302319,2.230045
13,-11.990821,-3.999384
4,-2.74372,-3.887954
38,34.458524,-26.442494
46,41.440264,-30.786
31,27.737825,-19.799751
36,32.579956,-22.106246
31,27.607182,-17.305365
31,27.615865,-15.054995
26,23.197857,-8.71061
15,13.635977,2.269611
20,-1.696041,18.300913
38,-19.630225,34.30262
40,-26.18056,35.790434
40,-29.143833,36.186099
37,-28.020324,33.002564
41,-32.133323,36.526449
44,-36.182376,39.981072
36,-29.755593,32.213247
38,-31.97045,34.092957
40,-34.158508,35.94716
42,-36.319823,37.776769
44,-38.45445,39.582627
30,-26.80905,27.380295
47,-41.953008,42.541676
33,-29.116828,29.332499
33,-30.026197,30.102208
17,-15.351662,15.337797
43,24.494563,-38.289507
39,23.716777,-34.693689
35,22.749336,-31.207141
40,28.538463,-36.350605
41,32.302033,-37.261874
37,33.039783,-33.164276
37,32.880197,-25.486543
22,19.526648,-4.528078
21,-1.541416,19.11852
39,-21.313517,35.03248
40,-29.616379,36.371366
40,-34.351419,36.379831
38,-34.205353,32.833733
45,-40.485178,36.001228
38,-34.649347,29.023029
43,-38.445496,30.734067
31,-27.790958,21.439895
50,-44.999246,33.600952
36,-32.246165,23.3794
38,-34.070644,24.183971
40,-35.914962,25.013608
42,-37.775516,25.874579
22,-19.589417,13.271751
45,-40.587503,27.239402
23,-20.999252,13.979793
0,0.0,0.0
39,-35.492825,24.804643
36,-32.253248,23.729698
42,-38.09752,29.680702
36,-32.635221,27.132193
37,-33.324151,29.892447
42,-36.618955,37.418058
31,-18.294913,27.835116
22,19.681025,-5.078777
38,34.374925,-26.479077
40,36.146563,-33.189641
41,36.554008,-36.993443
40,33.297691,-36.021889
34,27.282274,-30.910301
52,39.410738,-46.573796
28,20.998794,-25.638995
46,33.117727,-41.460597
33,23.165817,-29.66978
35,24.04631,-31.312249
37,24.940114,-32.967459
38,25.851255,-34.631699
40,26.784024,-36.300651
42,27.742978,-37.96932
44,28.732931,-39.631944
23,14.748763,-20.43578
0,0.0,0.0
39,34.726213,-25.715712
36,32.34231,-23.542772
33,29.904822,-21.380777
40,35.988731,-25.16538
35,31.432936,-21.372934
30,26.750298,-17.610037
35,31.069513,-19.417867
28,25.395717,-13.506207
29,-25.907089,25.813539
37,-33.515625,25.60408
42,-38.058814,28.252708
30,-27.335806,20.082231
46,-41.771079,30.565249
26,-23.188056,16.956436
42,-37.683762,27.595943
30,-27.067656,19.877042
48,-43.534904,32.106607
34,-30.986339,22.976157
36,-32.561404,24.270985
38,-34.139145,25.599484
20,-17.661724,13.308826
41,-36.508016,27.658337
42,-38.086744,29.076869
22,-19.63477,15.082278
45,-40.450177,31.276669
23,-20.814209,16.204371
48,-42.802761,33.566258
24,-21.98661,17.372252
25,-22.375241,17.772009
46,40.214926,-41.431994
39,33.882489,-34.810858
38,33.786093,-34.576906
36,32.09591,-32.58596
2,1.41759,0.572963
43,-36.929139,39.000439
41,-35.163837,36.843419
41,-35.077354,36.624658
36,-31.512748,32.829992
40,-34.327346,35.701636
43,-36.908915,38.32745
45,-39.257895,40.707493
35,-30.845314,31.944717
37,-31.93838,33.041659
38,-32.93397,34.035005
39,-33.832309,34.924786
40,-34.633635,35.711037
40,-35.3382,36.393795
41,-35.946269,36.9731
28,-24.254465,24.919501
44,39.886369,-37.149854
40,36.05181,-33.907973
35,31.909677,-30.397664
23,-18.621808,20.416044
39,-32.85589,35.462782
39,-31.223264,34.742481
46,-35.729013,41.061312
34,-25.79781,30.599157
37,-26.997394,32.987512
39,-27.853071,35.22027
31,-21.235139,27.792285
43,-28.471198,38.783624
34,-21.25467,30.315374
35,-20.974611,31.315416
24,-13.73636,21.411985
37,-20.091377,32.893799
25,-12.965028,22.433157
38,-18.647702,34.38728
26,-11.80347,23.408525
0,0.0,0.0
37,-19.625982,33.580291
34,-16.996634,30.422165
30,-14.494678,27.293161
27,-12.11795,24.193989
31,-12.671394,27.490674
30,-10.63019,26.806002
24,-5.799861,21.284784
11,9.794045,6.693144
38,28.098283,-34.521882
37,21.762561,-33.488222
39,21.272829,-35.408564
37,18.974297,-33.031895
30,15.343058,-27.412636
33,16.28609,-29.591767
35,17.227673,-31.690372
25,12.010813,-22.250188
39,18.813631,-34.991567
27,13.081838,-24.362483
28,13.521514,-25.153982
29,13.969794,-25.9124
30,14.428116,-26.635873
30,14.897915,-27.322417
31,15.38062,-27.969917
32,15.877654,-28.576121
16,8.13008,-14.501831
33,16.653165,-29.402715
33,17.192192,-29.894868
17,8.804189,-15.11637
0,0.0,0.0
40,-30.187298,35.948877
37,-27.709561,33.381518
42,-30.916772,37.847713
30,-21.569308,26.9602
38,-26.720048,34.498507
34,-22.01,30.530266
26,-12.757913,23.679772
22,19.905751,-8.34947
39,34.897385,-29.481966
43,38.454162,-35.306004
35,31.795966,-30.144116
41,36.921703,-35.630453
47,42.219917,-41.288623
39,35.247128,-34.782795
43,38.400662,-38.13414
30,27.38974,-27.320192
49,43.825113,-43.879685
35,31.077021,-31.217051
36,32.592064,-32.812938
38,34.130263,-34.429986
40,35.691758,-36.068148
42,37.276686,-37.727373
0,0.0,0.0
40,-35.964027,33.940117
45,-40.531699,39.853755
41,-35.320591,36.481162
36,-29.788053,32.57688
37,-27.990134,33.213647
37,-23.261157,32.883742
21,-5.527268,19.097835
20,17.961354,-2.621063
29,25.816775,-15.244562
42,37.423789,-27.058278
35,31.619244,-25.038601
41,37.11092,-30.948141
47,42.73832,-37.126559
40,35.830482,-32.063001
29,25.719055,-23.44824
46,41.373038,-38.368183
50,44.784025,-42.307732
35,31.784188,-30.452285
37,33.35085,-32.291212
39,34.938949,-34.165684
41,36.549213,-36.075885
42,38.182411,-38.021994
44,39.839358,-40.004188
23,20.548687,-20.75674
24,20.972218,-21.265898
40,35.686951,-19.325354
35,31.779543,-19.484083
31,27.741354,-19.437169
43,38.565304,-33.070876
38,28.195274,-34.282842
27,10.570986,-24.524462
19,-2.749555,-16.963887
11,-10.225002,-6.148014
19,-17.217027,-0.17994
21,-18.891242,4.726271
26,-23.524114,9.51022
31,-28.247605,14.694157
27,-24.346632,14.651356
41,-36.766112,24.664603
34,-30.867567,22.53172
37,-33.748227,26.140388
41,-36.682344,29.87889
29,-26.111389,22.057901
46,-41.690752,36.38432
33,-29.498179,26.505468
52,-46.839081,43.217898
37,-32.972685,31.167954
38,-34.38325,33.092354
40,-35.803309,35.050866
41,-37.230824,37.043878
43,-38.66338,39.071978
23,-19.86971,20.307702
30,-14.862507,26.564122
28,-14.217555,25.556674
27,-13.568387,24.460008
34,-17.071748,30.758157
24,-12.029939,21.568916
37,-18.548075,32.853442
26,-13.454456,23.291973
33,-17.787283,29.545598
35,-20.95165,31.100305
20,-18.030908,8.57962
20,3.325756,-17.892789
23,6.630936,-20.536555
24,8.142633,-21.202252
28,10.896592,-25.514584
24,10.119906,-21.996332
27,11.906385,-24.465576
30,13.805009,-26.944808
21,10.316247,-19.342866
23,11.248963,-20.446402
36,18.704883,-32.734682
26,13.747758,-23.194745
27,14.816925,-24.285905
14,7.822282,-12.549966
14,8.105155,-12.819927
36,32.229243,-25.348785
39,34.814128,-27.249919
29,26.019843,-20.298131
34,30.592761,-23.688169
36,-32.560085,28.153339
41,-36.738014,32.234252
43,-38.536664,34.878596
39,-35.408865,33.087619
41,-37.052135,35.842118
33,-29.967563,30.082912
43,-36.779118,38.651879
35,-28.051598,31.242814
43,-32.196301,38.791623
34,-22.564804,30.368468
25,-14.552903,22.168238
32,-15.583475,28.51701
23,-8.345958,20.479779
15,-3.757495,13.178828
21,-2.623343,19.020214
14,0.445056,12.170925
7,0.930209,5.932421
38,-24.587234,34.05805
36,-22.877114,32.032021
44,-27.801493,39.459446
30,-18.79319,27.084659
36,-22.264822,32.661777
32,-19.014377,28.600154
39,-22.277809,35.008951
28,-14.563878,25.167862
20,-2.395768,18.157352
40,35.700624,-32.720703
38,31.948969,-34.121769
42,34.234474,-37.858362
41,32.569014,-36.615127
47,37.337295,-42.363333
40,31.226097,-35.61279
43,34.064296,-38.957337
31,24.320686,-27.853086
50,38.950352,-44.637029
35,27.644287,-31.683399
37,29.011453,-33.240037
39,30.400515,-34.810657
40,31.811668,-36.395244
42,33.245081,-37.993781
22,17.167067,-19.600697
40,36.336427,-31.05291
45,40.584222,-37.110364
39,34.992592,-34.680854
35,29.182909,-31.635634
42,30.692162,-37.929865
32,18.297426,-28.820988
21,4.924021,-19.34043
15,-13.117016,-2.116061
25,-22.351953,11.386874
37,-33.639436,23.764451
41,-37.032312,30.044924
40,-35.735191,31.179
34,-30.465344,27.751244
51,-45.623072,43.064831
28,-24.994364,24.214445
45,-40.264963,39.778143
49,-43.635809,44.036799
35,-30.984004,31.785636
38,-32.510827,33.771472
40,-34.045703,35.795063
42,-35.586284,37.856835
44,-37.12989,39.957299
23,-19.143921,20.778577
48,-39.4442,43.181878
50,-40.981141,45.381879
0,0.0,0.0
23,-20.940573,5.548505
18,-16.431683,3.00162
14,-12.455998,0.850727
10,-9.013354,-0.891889
9,-8.226084,-3.683934
8,-3.842752,-7.002237
2,-0.473324,-1.683346
24,-10.194602,21.517243
23,-11.043429,20.836543
25,-12.262112,22.149479
31,-15.699414,27.617512
27,-14.231655,24.63666
31,-16.482625,28.262946
23,-12.298253,20.974213
39,-20.493291,34.836808
28,-15.068935,25.578406
31,-16.22499,27.544416
33,-17.403987,29.581502
35,-18.60269,31.689609
38,-19.817588,33.868629
20,-10.368409,17.773564
41,-21.661875,37.269752
22,-11.294981,19.513791
0,0.0,0.0
34,16.644948,-30.60061
31,15.405298,-28.234018
38,18.603386,-34.007069
25,12.496783,-22.809806
30,14.722746,-26.868707
31,15.300845,-27.977058
28,13.864773,-25.504099
27,13.088892,-24.509071
22,-9.647967,19.90555
31,-12.320267,27.487697
23,-8.655919,20.686416
27,-9.566472,24.346659
23,-7.626201,20.690693
25,-7.88671,22.802763
28,-8.022432,24.945994
30,-8.022574,27.125486
21,-5.276399,19.314735
23,-5.164992,20.315276
24,-5.004763,21.330422
25,-4.793261,22.36121
26,-4.527979,23.408678
27,-4.206369,24.473858
28,-3.825844,25.557776
30,-3.383791,26.661449
0,0.0,0.0
39,16.241069,-34.90473
33,13.238984,-30.002556
28,10.401305,-25.364783
30,9.762186,-27.063839
27,6.243922,-23.857928
19,-0.660346,-16.990357
26,-23.492084,11.020886
41,-25.748804,36.714617
28,-11.59122,25.541752
30,-7.028044,26.97723
20,-1.029605,17.86813
19,2.688484,17.156231
18,7.090424,15.932608
12,8.618273,10.848866
13,11.767209,9.681785
17,15.202591,8.320829
21,18.922259,6.773536
16,14.820441,3.567764
29,25.745415,3.803308
22,19.62572,1.433019
24,21.68941,0.497459
26,23.832599,-0.481516
29,26.054265,-1.501538
15,13.884489,-1.145415
34,30.520747,-8.274402
39,35.198576,-7.651993
25,22.419103,-3.46089
28,24.79417,-1.942239
30,26.796318,1.925973
18,16.55209,7.915025
31,-11.466634,28.330977
42,-37.452193,20.302932
35,-31.656241,10.297348
34,-30.697171,6.640434
30,-26.910995,3.663218
32,-28.616697,1.918562
25,-22.355425,0.145153
25,-22.934987,-1.07575
26,-23.338709,-2.394047
26,-23.557858,-3.806582
17,-15.731581,-3.367541
26,-23.48693,-6.361399
17,-15.492999,-5.151209
17,-15.285059,-5.908007
17,-15.00939,-6.688471
16,-14.663588,-7.491827
16,-14.245177,-8.317266
15,-13.751617,-9.163939
0,0.0,0.0
32,29.06437,-11.43242
41,37.064836,-14.996198
29,26.442562,-11.082422
37,33.321004,-14.584838
34,30.968749,-14.394199
32,28.470313,-14.230045
35,31.863205,-17.587546
41,37.202135,-24.288872
38,34.207737,-30.638402
37,18.723946,-32.965743
24,0.361416,-21.996033
20,-8.332329,-17.763607
12,-10.059258,-11.083982
15,-13.68886,-10.314624
14,-12.651835,-7.133101
16,-14.691556,-6.530392
19,-16.720354,-5.841894
14,-12.265587,-3.466083
22,-20.05884,-4.481688
16,-14.466465,-2.462876
17,-15.328955,-2.003388
18,-16.178619,-1.508032
19,-17.013561,-0.97504
20,-17.831765,-0.40263
21,-18.631087,0.210992
0,0.0,0.0
32,28.3982,-14.761955
40,36.124668,-18.891319
29,25.722479,-13.60461
36,32.375749,-17.428518
25,22.780826,-12.564005
39,34.97849,-20.026751
35,31.076115,-18.946722
35,31.892339,-21.388255
40,36.234,-29.436775
38,25.486459,-34.250528
21,1.910708,-19.317572
14,-6.650946,-12.315859
12,-10.861571,-8.605152
14,-12.160544,-5.643442
17,-15.221137,-4.398099
15,-13.401656,-2.391027
17,-15.079473,-1.53491
19,-16.729419,-0.601662
13,-12.053114,0.158315
14,-12.759879,0.636364
23,-20.436248,1.911577
16,-14.466922,1.954963
8,-7.480184,1.193079
37,33.052966,-23.027057
34,30.926744,-21.022598
32,28.660316,-18.906514
36,32.426585,-20.487343
32,28.399148,-16.788272
27,24.105154,-12.870286
25,22.886151,-9.962765
22,19.522611,-3.351695
12,5.731423,10.853897
31,-12.893315,27.631031
38,-23.849751,33.972513
35,-24.860672,31.361316
42,-31.66245,37.557081
39,-30.392169,34.678246
43,-35.026779,38.940523
36,-29.38574,32.084091
38,-32.113581,34.616056
41,-34.892476,37.206856
44,-37.721913,39.857197
47,-40.601319,42.567764
16,-14.182187,14.802109
38,34.6213,-21.632499
33,29.943114,-17.400045
37,33.12092,-17.215283
29,25.937708,-11.12156
30,26.839787,-7.014286
17,15.571501,3.297611
23,-1.983894,20.614809
35,-30.945531,31.69651
31,-27.616488,10.509455
17,-15.670918,-5.448688
14,-6.922106,-12.729846
24,-1.705973,-21.605901
20,2.119438,-17.772295
24,4.900094,-21.723207
29,8.040686,-25.952993
34,11.55324,-30.458878
25,9.842779,-22.944125
28,11.691216,-25.14814
30,13.658828,-27.431384
33,15.747907,-29.792995
18,8.695921,-15.806331
32,-28.516988,15.225599
36,-32.637425,20.63924
34,-30.170423,22.061408
39,-34.944004,29.588665
37,-32.229773,33.518697
30,-15.94237,26.913635
11,6.162055,10.055338
17,15.46361,-1.01557
23,20.645716,-6.347256
31,28.288309,-11.899081
32,28.498483,-13.85377
28,24.97646,-13.082928
31,28.190733,-15.505105
35,31.517029,-18.027555
39,34.953762,-20.647744
43,38.499334,-23.362913
31,27.689018,-17.129245
33,29.343934,-18.40336
34,31.029959,-19.703204
36,32.746814,-21.02802
38,34.494231,-22.376988
0,0.0,0.0
32,-28.543571,10.177367
27,-23.978039,7.712258
28,-25.435566,6.794926
25,-22.381182,3.607869
17,-15.035734,-1.418695
19,1.270681,-16.786423
30,26.699898,-13.221056
17,15.063741,5.278121
12,6.280271,11.234984
21,2.367961,18.987854
24,-1.732421,21.691339
23,-3.806553,20.51691
27,-6.225925,24.481237
32,-8.88036,28.733287
24,-7.507205,21.658525
41,-13.803354,36.451236
30,-10.988119,27.063792
33,-12.486569,29.369792
35,-14.042037,31.756967
38,-15.651824,34.224612
41,-17.312977,36.772025
44,-19.022262,39.398521
23,-10.166192,20.708727
48,-21.668566,43.485098
0,0.0,0.0
32,-29.096178,8.294039
35,-31.438399,6.4027
26,-23.563644,1.533448
18,-16.277397,-2.820255
13,-12.05769,-11.213008
28,3.83344,-25.014673
40,25.980403,-36.445997
35,31.877319,-30.072014
43,38.651777,-27.779191
33,30.074499,-16.454093
34,30.924963,-12.116983
27,24.669479,-5.658539
27,24.06949,-1.310464
26,22.999818,3.745699
18,16.281143,6.55506
17,15.25578,10.099451
16,14.066786,13.943907
13,8.641958,11.57955
23,11.755004,21.015511
18,6.975816,16.569233
21,6.246688,18.718216
23,5.486584,20.953897
26,4.699031,23.275647
29,3.8878,25.682769
31,3.056924,28.1745
0,0.0,0.0
42,-37.922362,18.107696
39,-35.498477,16.999089
37,-33.113166,15.9292
45,-40.508038,19.646183
31,-27.70022,13.597103
37,-33.435208,16.701692
40,-36.305558,18.74896
40,-35.762368,19.704624
39,-34.959392,22.296052
33,-27.50515,29.49768
25,3.324595,22.29623
17,14.161981,14.931714
17,15.690498,11.814068
23,20.276158,13.302966
16,14.356474,8.90312
24,21.698312,13.178969
20,18.198013,11.017025
22,19.858648,12.122391
16,14.168893,8.757195
25,22.661994,14.24386
18,16.056944,10.291085
0,0.0,0.0
35,-31.925946,5.3404
39,-35.404021,3.04511
24,-21.47102,-0.548713
30,-26.778044,-5.766758
18,-16.442441,-11.05502
25,-7.710647,-22.562507
32,7.436928,-28.363156
40,23.171067,-35.866996
39,34.496421,-35.328607
40,35.959472,-26.919376
36,32.771845,-17.659642
36,32.668123,-10.601924
34,30.822267,-1.590472
21,18.695415,4.90738
23,20.452593,13.854407
20,13.481555,17.950841
20,8.151944,17.837488
33,7.938074,30.060863
31,3.55271,27.553865
23,1.144597,20.881401
0,0.0,0.0
30,-26.802148,-9.344868
21,-19.148954,-8.587435
19,-17.36613,-13.982586
33,16.178031,-29.332339
41,37.192684,-21.536727
36,32.06325,-17.029502
42,37.578396,-22.330857
37,33.527962,-26.418596
40,26.403066,-36.048282
37,7.864328,-33.618919
30,-3.097686,-27.333329
27,-8.507545,-23.921036
21,-10.210498,-19.121841
22,-13.689477,-20.088485
15,-11.134709,-13.894636
16,-12.786493,-14.262432
16,-14.470014,-14.592544
0,0.0,0.0
27,-3.634186,-24.281282
26,-7.357021,-23.289922
18,-9.956828,-16.057745
16,-14.536798,-10.659155
24,-21.969474,-1.499085
39,-35.299821,22.012727
39,-21.229417,34.968476
30,-5.325249,26.845663
27,2.547096,24.429766
23,8.252893,20.667245
18,11.234635,16.389523
13,11.420586,12.059575
22,19.579976,15.604144
20,18.195356,11.244616
24,21.415151,10.77335
18,16.159115,6.88968
30,27.202065,9.85557
22,20.191513,6.231057
24,21.901566,5.946159
26,23.666632,5.652074
28,25.486331,5.350987
0,0.0,0.0
46,-12.928744,41.180048
32,-8.459907,28.803285
40,-9.873781,35.667687
36,-8.543486,32.582891
33,-7.513311,29.543329
43,-9.988065,38.711982
36,-9.326458,32.118532
36,-13.06733,32.825716
33,-27.987864,29.899209
35,-31.914167,4.337984
33,-29.844418,-5.91098
29,-25.798427,-8.389982
26,-23.596245,-9.02694
22,-19.526999,-8.025291
24,-21.161868,-9.023864
25,-22.849425,-9.944967
27,-24.582461,-10.780498
19,-17.370016,-7.60495
31,-27.550156,-11.958561
22,-19.373356,-8.291924
22,-20.183895,-8.50646
12,-10.396653,-4.321969
46,22.225143,-41.168484
37,19.9534,-33.003534
40,25.468414,-35.739029
34,30.417818,-28.66992
21,18.682183,8.305611
35,-7.886269,31.648801
32,-28.727621,28.754444
35,-31.468383,5.622351
24,-21.245095,-5.201701
21,-18.702048,-9.488862
22,-19.981392,-14.843827
17,-15.644116,-14.963704
13,-10.652741,-11.912999
15,-10.7635,-13.526717
17,-10.80661,-15.190205
19,-10.772793,-16.898451
21,-10.651935,-18.645929
0,0.0,0.0
34,-30.871814,2.947635
24,-21.568641,0.536756
20,-17.883618,-4.508307
28,24.963082,-25.519937
39,34.813576,-17.815989
34,31.034894,-13.426956
31,27.45267,-10.651314
40,36.417226,-12.660417
33,29.933186,-9.223013
33,29.853486,-8.099019
32,29.03715,-6.701662
31,27.476917,-5.051885
28,25.165433,-3.170125
30,27.050323,-0.992901
23,20.757834,2.663616
18,16.354116,12.765932
36,-17.137256,32.716221
10,-9.414511,9.044981
41,37.259423,-22.83646
38,34.454405,-15.328343
35,31.169459,-9.145118
31,27.907986,-2.315082
26,23.207142,8.205373
22,10.311769,19.506591
32,-1.947039,28.795411
39,-12.12122,35.271817
35,-15.477391,31.538347
41,-21.767557,37.245223
38,-22.299235,34.158543
42,-26.932444,38.249795
35,-23.399498,31.4936
51,-35.676329,45.899102
0,0.0,0.0
44,12.668511,-39.258943
32,9.565921,-28.589349
34,14.070224,-30.865054
34,-0.481636,30.225761
32,-0.211165,28.441966
30,1.548942,27.012807
31,4.199693,27.954994
30,7.815594,26.959442
22,9.469181,19.54831
23,16.579104,20.282202
20,17.565042,11.691979
31,27.987396,7.315756
31,27.688121,-1.200113
47,41.870844,-11.950402
33,29.295114,-13.491069
49,44.298201,-26.234215
42,37.400886,-26.404862
30,27.037524,-21.040845
32,28.796982,-23.935893
52,46.648689,-41.603506
37,33.511228,-31.716145
0,0.0,0.0
50,-44.89507,12.965837
31,-27.630848,7.68613
42,-38.074608,10.152519
38,-34.122139,8.579142
34,-30.275952,7.101321
38,-34.570709,7.348467
31,-28.181199,5.168069
39,-34.72384,4.662659
12,-10.668336,-2.796544
35,31.768409,-0.685089
29,26.452758,2.278864
36,32.217542,5.290144
24,21.941831,5.000388
36,32.150234,9.220069
29,26.1981,9.099609
20,18.425425,7.224195
32,29.039218,12.73187
23,20.273424,9.845243
23,20.990468,11.006568
36,32.807993,18.8298
25,22.74143,14.195254
26,23.42953,15.585488
13,11.971355,8.334633
27,24.453982,17.794168
28,25.134483,19.34884
29,25.815212,20.969178
0,0.0,0.0
31,27.713259,17.80127
25,22.817856,19.371228
23,18.296249,20.529209
24,14.145565,21.292377
30,12.405733,27.111256
30,7.209064,26.996928
40,2.710255,36.295902
37,-4.156,32.896419
38,-12.334813,34.443031
31,-27.523046,28.322539
22,-18.576,-19.384144
41,-0.856548,-36.474805
37,5.001621,-33.683427
37,7.78747,-33.50463
44,11.666469,-39.693427
12,3.580148,-10.929217
34,-12.409951,-30.536151
28,-14.254347,-25.230037
22,-20.176621,-13.910915
37,-25.29699,33.33942
37,-7.807999,33.018529
37,-4.229046,33.602682
42,-1.908901,37.683208
36,0.284922,32.171561
37,1.994549,33.218603
37,3.776332,33.570269
37,5.610282,33.225591
27,5.430946,24.273292
34,8.883162,30.942221
32,10.755684,28.673996
35,16.045935,31.5809
23,14.875289,20.994825
28,25.606969,22.713911
33,29.424898,10.043236
37,33.131502,-5.042006
0,0.0,0.0
39,-35.390874,17.755818
40,-35.676063,12.513145
40,-35.589659,2.444233
27,-24.697494,-15.820002
35,-5.45683,-31.159272
41,14.073281,-37.030431
34,30.421401,-10.161235
29,14.123466,26.341535
36,6.06278,32.017987
40,2.759356,35.68277
37,0.666413,33.232336
44,-0.635131,39.203848
33,-1.176955,29.642232
56,-2.920082,50.005663
41,-2.717983,37.196746
22,-1.587879,19.79859
47,-3.624172,42.068092
51,-4.202971,45.456549
27,-2.309115,24.034142
56,-5.009023,50.750371
0,0.0,0.0
38,-5.011846,-34.021575
44,-3.854582,-39.565699
32,-1.430694,-29.010759
43,0.077125,-38.582996
36,2.066445,-31.978182
41,5.828439,-36.508063
11,8.912735,9.732462
38,-2.018689,33.86367
38,-3.644964,34.517655
48,-5.706089,43.638904
34,-4.473328,30.749763
38,-5.286071,34.293928
42,-6.109555,37.935701
46,-6.934323,41.675077
33,-5.077123,29.909024
35,-5.434619,31.643296
56,-8.804927,50.780048
40,-6.289764,36.105699
42,-6.609838,37.941414
22,-3.41988,19.668177
45,-7.058009,40.749467
0,0.0,0.0
51,5.601278,-46.053861
35,4.469378,-31.714474
43,6.124374,-38.440377
38,6.100768,-33.956471
33,5.854538,-29.375445
39,7.858558,-35.261242
40,9.549962,-36.220246
33,-7.008156,29.262472
39,-10.180355,34.770473
43,-11.779508,38.756369
42,-11.651175,37.546323
36,-10.056072,32.041008
39,-11.189281,35.415075
43,-12.31813,38.832084
47,-13.435023,42.292449
33,-9.567642,30.139005
35,-10.0473,31.709506
37,-10.517178,33.29321
39,-10.975442,34.890223
41,-11.420181,36.500657
42,-11.849403,38.124628
44,-12.261027,39.762256
46,-12.652887,41.413666
24,-6.466599,21.330452
24,-6.556122,21.748531
40,0.644557,36.032116
45,1.132653,40.514146
39,1.413666,35.249073
39,1.95578,34.992846
37,2.863434,33.541646
9,8.42516,6.947562
41,3.990934,-36.876593
43,3.225848,-38.517591
36,2.565627,-32.126617
42,3.023353,-37.435899
48,3.610064,-42.874342
40,3.181495,-35.802428
28,2.385331,-25.635064
46,4.031142,-41.14312
49,4.648711,-44.420173
35,3.486247,-31.460936
37,3.828898,-32.957756
38,4.2015,-34.470717
40,4.605582,-35.999817
42,5.04269,-37.545056
43,5.514383,-39.106435
0,0.0,0.0
48,17.415092,-42.837284
31,14.374989,-28.31575
37,20.64835,-32.932173
31,22.058394,-27.7188
32,29.123152,-27.812713
34,30.370623,-20.813303
42,37.431654,-16.643749
42,37.79708,-8.618895
35,31.261272,-1.877883
41,36.632052,3.104785
39,35.027555,7.833182
36,32.741667,11.360678
33,29.765799,13.670518
29,26.08633,14.749385
31,27.812782,19.200501
27,24.586222,24.058401
4,-0.789545,3.402472
35,-31.711478,28.304225
30,-25.728715,26.758903
32,-22.51075,29.075841
34,-15.912681,30.159416
40,-4.975481,35.67308
34,16.593336,30.69214
35,31.124588,18.656671
34,31.024531,9.19562
43,38.554534,5.962183
36,32.113746,2.266115
40,35.901177,0.603285
44,39.668027,-1.055705
38,34.433606,-2.033012
41,36.822932,-3.081724
32,29.180055,-2.993888
41,-36.883153,1.950732
18,7.176857,16.030695
38,34.380004,5.270365
39,35.058245,3.364611
42,37.684964,2.720951
40,36.208096,2.157291
47,41.992531,2.190074
39,35.511219,1.704585
43,39.126231,1.799122
31,28.168945,1.274437
51,45.495272,2.064117
36,32.558308,1.504527
38,34.394319,1.631432
20,17.899997,0.87045
47,42.65038,0.808201
43,39.135423,1.62928
40,35.644432,2.321126
36,32.17757,2.889278
42,37.552396,4.532585
35,31.48962,5.067606
40,35.992172,8.064369
34,30.481761,12.813445
29,-26.001555,12.259746
44,-39.550814,-0.016025
43,-38.51027,-2.582513
41,-36.880604,-3.769128
35,-31.165499,-3.882269
38,-34.142684,-4.826615
41,-37.094839,-5.803202
44,-40.021262,-6.80884
31,-28.293542,-5.110823
50,-44.839049,-8.540838
35,-31.479585,-6.285853
36,-32.738931,-6.765707
38,-33.98923,-7.250231
39,-35.230149,-7.738783
41,-36.461318,-8.230711
42,-37.682326,-8.725356
43,-38.892722,-9.222049
22,-19.896808,-4.797738
42,9.837132,-38.157671
37,4.53772,-33.300735
35,-12.15432,-31.120571
35,-31.161269,-17.696296
31,-27.914447,-22.515379
29,-19.169841,-26.330292
37,-16.002337,-33.692244
35,-10.447628,-31.521947
43,-9.195754,-38.706669
41,-6.16645,-36.715215
35,-3.770391,-31.179293
38,-2.912045,-34.508234
42,-1.930161,-38.023136
0,0.0,0.0
46,-11.964196,-41.418395
32,-7.237882,-28.641931
39,-7.434325,-35.08314
35,-5.004193,-31.670946
39,-2.993744,-35.013845
40,0.954814,-35.675174
37,7.040817,-33.46887
38,20.438624,-33.945044
35,31.86432,-19.440765
42,37.853925,-6.701444
39,35.15707,0.940438
38,33.958437,4.559121
34,30.909285,6.14153
37,33.214405,8.026099
39,35.455306,9.681434
42,37.630723,11.10727
35,31.625614,9.757774
9,8.113045,2.54516
41,36.603578,0.38921
48,43.165044,2.507697
31,28.335742,3.081682
44,39.971438,6.78699
35,31.491208,8.026733
35,31.124454,11.59546
23,20.97271,15.981572
31,-27.803312,-24.661185
33,-21.474777,-29.612442
33,-16.896331,-29.804231
33,-13.844393,-29.629088
39,-13.670556,-35.204237
34,-9.866734,-30.303563
38,-9.312794,-33.836292
42,-8.548085,-37.540658
30,-5.165185,-27.170288
49,-6.776964,-44.098669
35,-3.767101,-31.703219
37,-3.080277,-33.606969
19,-1.258721,-17.533642
50,13.04006,-44.716192
31,6.668406,-27.983644
41,5.782519,-36.716801
39,-2.363685,-35.196212
29,-26.294831,-3.041133
37,-23.959956,33.043429
39,-13.308486,35.535926
40,-6.168328,36.120921
36,0.185053,32.739413
38,6.330328,34.061883
38,13.680809,34.400375
30,17.034267,27.124448
29,23.094587,26.266891
24,21.652055,18.870209
39,35.109686,23.717951
35,31.325939,16.493121
26,23.394959,10.293459
43,39.034888,14.283401
32,28.753618,8.695715
34,31.01923,7.994303
18,16.380948,3.724418
36,14.352495,32.443667
40,17.172444,36.374116
29,12.762773,25.856217
37,16.841232,33.570226
35,15.019358,31.581597
35,10.01638,31.773781
27,-24.626175,21.485721
38,-34.427224,-2.283439
41,-37.117531,-6.127428
43,-39.00192,-7.613082
30,-27.137888,-5.521212
45,-40.757232,-8.316756
38,-34.131087,-6.845957
41,-37.298969,-7.26687
30,-26.676324,-5.030162
48,-42.805431,-7.745944
34,-30.441486,-5.24947
36,-32.000165,-5.276972
37,-33.588829,-5.267371
39,-35.207424,-5.218766
41,-36.855896,-5.129178
0,0.0,0.0
41,37.328232,-17.820023
38,34.239123,-12.194006
39,34.732116,-8.22249
38,34.038994,-3.13949
13,11.425211,11.215846
44,-39.212155,4.882867
35,-31.767422,0.860854
45,-40.614634,-0.647647
44,-39.230527,-1.793348
37,-33.536028,-2.166404
41,-37.18975,-2.913603
30,-26.87911,-2.371864
48,-43.530271,-4.216256
35,-31.208578,-3.253975
37,-32.996399,-3.608609
39,-34.815284,-3.960421
41,-36.664483,-4.306643
43,-38.543158,-4.644351
45,-40.450369,-4.970455
23,-20.949021,-2.603005
24,-21.43604,-2.678693
52,-46.827783,13.609213
35,-31.67498,7.891242
42,-37.714175,7.643699
36,-32.632929,4.603304
38,-33.781627,1.907204
34,-30.485569,-2.598951
30,-27.22391,-13.49526
35,11.612687,-31.834227
39,35.300532,-19.11862
38,34.631867,-10.153347
39,35.359687,-5.763678
46,41.073957,-2.474475
41,36.859695,0.929179
33,29.926588,2.669249
35,31.849327,4.559828
37,33.745856,6.632633
40,35.619928,8.889544
42,37.475714,11.332228
29,26.007837,9.004263
30,26.823605,10.228849
15,13.717113,5.591126
44,39.502516,-6.347198
38,34.505983,-4.759081
43,38.556889,-4.201048
41,36.840818,-2.381127
35,31.922063,0.736366
14,-7.753538,12.806177
41,-37.125855,6.004654
43,-38.372749,2.96757
42,-37.6717,0.849373
37,-33.241597,-0.703657
39,-35.517734,-2.184053
41,-37.344245,-3.901375
32,-28.933942,-4.199104
44,-39.445164,-7.496509
33,-29.980092,-7.18608
33,-30.099508,-8.650051
33,-30.017946,-10.228416
33,-29.73249,-11.924129
32,-29.239908,-13.740191
32,-28.536639,-15.679621
31,-27.618795,-17.745426
10,-8.964611,-6.396482
42,-38.219097,6.413734
38,-34.519806,5.385024
41,-36.691104,7.396229
38,-34.48474,14.85841
35,-16.853871,31.666814
38,5.194842,34.134311
35,12.69418,31.936267
31,14.115943,27.542986
28,14.553311,25.183084
31,17.632425,28.215136
35,20.890467,31.470577
29,17.920443,25.878295
20,13.066687,18.391477
33,21.345517,29.372582
35,23.52277,31.609104
12,8.341417,11.052048
41,13.391165,-37.045267
37,14.270952,-33.173073
39,18.322286,-34.810324
38,23.108186,-33.894621
30,25.10291,-26.861647
35,31.349967,-22.348442
38,34.480164,-13.719305
42,37.961864,-5.364565
40,36.381883,1.957519
38,33.763819,6.491456
33,30.101766,8.73213
36,32.012091,11.698921
38,34.042367,14.619022
32,28.77835,13.768637
34,30.220778,15.589563
35,31.728399,17.391748
28,24.825306,14.216127
29,25.738429,15.21356
50,45.39745,-10.976182
34,30.222335,-9.269761
39,35.537067,-13.592325
34,30.488372,-14.808365
35,31.658637,-19.869831
33,29.618904,-25.193813
29,21.825205,-25.816874
38,19.399153,-33.751607
38,12.322827,-34.378042
38,8.450664,-34.236095
28,25.28341,-3.025561
29,23.028491,26.112634
28,20.675689,25.57215
29,20.749866,26.117697
0,0.0,0.0
45,-40.348857,2.010213
37,-33.522409,7.019421
29,-26.498353,20.933326
37,12.282959,33.484197
28,24.784016,21.229711
34,30.677635,18.74529
36,32.098676,15.626432
34,30.3064,12.368064
37,33.104899,11.492777
39,35.492569,10.349161
42,37.467703,8.930901
35,31.118406,5.9343
44,39.980881,5.661715
36,32.59334,2.938908
37,32.906123,1.355944
28,24.758781,-0.118114
36,31.98616,19.81055
35,31.319447,16.711189
42,37.454233,16.800694
31,28.0092,10.376594
42,37.62044,10.838562
39,35.295273,6.106035
35,31.92231,-3.629803
31,-27.779607,-23.658848
41,-37.264912,-13.297689
38,-34.373334,-9.446113
35,-31.119245,-7.177361
40,-35.917657,-7.098368
45,-40.916106,-6.861163
34,-30.153235,-4.357032
36,-32.523225,-4.118723
39,-34.952699,-3.820922
42,-37.441712,-3.459779
44,-39.990316,-3.031245
47,-42.598561,-2.531072
25,-22.296023,-1.054376
52,-46.622855,-1.636733
27,-24.341769,-0.561589
56,-50.781581,-0.555422
29,-26.454761,0.028782
61,-55.074848,0.729484
32,-28.635045,0.725251
33,-29.376766,0.982509
33,-30.125968,1.252874
0,0.0,0.0
34,-22.04583,30.955347
38,-18.155989,34.355887
37,-3.512488,33.600215
34,30.302394,-6.967446
34,24.728066,-30.949574
35,16.380507,-31.821058
37,12.385495,-33.518536
44,10.392212,-40.00828
41,6.364027,-36.759121
34,3.386153,-30.38095
49,2.370517,-44.302641
40,-0.025295,-36.102047
28,-0.956536,-25.44837
45,-2.948705,-40.255986
48,-4.88633,-42.768663
33,-4.398855,-29.913545
34,-5.355525,-31.036553
36,-6.348134,-32.160035
37,-7.375295,-33.282618
38,-8.435533,-34.402755
39,-9.527277,-35.518709
20,-5.182432,-18.176005
39,19.451308,-35.120522
31,27.232329,-28.327564
33,29.813864,-22.263361
36,32.427883,-20.151756
27,14.193637,-23.970945
37,-33.379612,-5.608234
40,-35.884294,-2.466756
45,-40.324309,-1.560455
32,-29.128935,-0.691856
37,-33.056895,-0.474111
41,-37.169953,-0.214318
46,-41.467284,0.100908
33,-30.122822,0.27641
36,-32.168265,0.472107
38,-34.267482,0.695924
0,0.0,0.0
45,-40.619307,19.903928
34,-30.404745,14.396315
39,-34.82832,14.722629
38,34.031295,-17.413688
40,36.181626,-14.654707
36,32.316558,-11.720272
41,37.049611,-12.062774
46,41.19892,-11.784048
40,35.554322,-8.810109
42,37.537694,-7.9202
33,29.275635,-5.168459
45,40.292492,-5.615203
34,31.001408,-3.088214
47,42.142112,-2.380436
36,32.052103,-0.322173
36,32.298214,1.066631
36,32.423285,2.574037
48,43.218712,5.977141
36,32.251601,6.538147
0,0.0,0.0
47,42.596869,-5.262097
33,30.119606,-1.646465
43,38.611266,1.431365
34,30.768214,5.656842
35,31.545327,15.345157
31,14.950155,27.94772
40,-10.768837,35.698592
33,-23.85142,29.552734
30,-26.688042,23.625788
38,-34.19952,24.557993
38,-34.220575,20.988793
35,-31.11282,17.034557
38,-34.428682,17.181016
31,-27.995037,12.946035
45,-40.221944,17.297736
36,-32.336283,12.972972
38,-34.194994,12.950956
26,-23.828856,8.612872
37,19.098465,-33.483554
38,10.180955,-34.431393
40,16.968943,-35.58827
31,27.827528,-27.325161
39,35.541343,-14.37316
35,31.723351,-3.803252
44,39.225033,2.038671
34,30.785531,5.149207
39,34.830846,8.582135
44,39.174171,12.376123
36,32.415728,11.99884
39,35.165805,14.511981
28,25.03964,11.155941
29,26.365032,12.402427
47,42.126527,21.059698
16,14.751823,7.702711
38,20.254469,-34.588891
36,13.9191,-32.800262
39,4.175396,-35.263117
34,-15.250101,-30.299819
31,-27.910834,-18.962545
35,-31.700124,-12.809372
38,-33.982769,-10.510043
37,-33.618583,-9.290515
35,-31.307722,-8.535443
37,-33.275399,-9.485312
39,-34.92368,-10.83773
33,-30.128037,-10.35742
20,-18.438533,-6.89918
39,-1.197817,-35.457816
32,-28.668216,-12.29222
40,-36.158804,8.681658
22,-20.079884,0.218281
33,29.80308,-26.326201
35,31.793027,-26.530916
13,11.309732,-9.325027
44,18.526084,-39.472131
36,7.155618,-32.223567
38,-4.872653,-33.824507
29,-17.16767,-25.985919
28,-24.852911,-20.977634
31,-27.886747,-18.84568
26,-23.207197,-17.064387
29,-22.894398,-26.151427
34,-8.741794,-30.525829
39,5.250452,-34.892358
42,16.671398,-37.621526
33,18.442894,-29.689642
38,25.029994,-33.78247
31,23.47238,-28.217861
34,27.797219,-30.827553
37,32.390984,-33.551458
27,24.279823,-23.931379
0,0.0,0.0
43,-39.097633,1.479774
34,-30.369572,-3.800307
32,-28.779941,-12.473822
27,-15.443957,-24.491971
39,10.03796,-35.014309
36,32.32753,-28.001212
37,33.419477,-12.679521
38,34.465807,-3.710524
43,38.923194,4.92447
31,28.021943,9.035666
33,29.419467,14.30838
25,22.85889,14.537078
35,31.390417,24.916642
27,24.13861,23.14976
20,16.343394,17.691022
33,24.855392,30.099405
25,16.779988,22.543574
27,16.937133,24.606523
30,17.087976,26.738488
32,17.235178,28.938988
35,17.381555,31.207517
18,8.746219,16.475571
42,-38.198954,-15.174607
28,-25.16198,-12.663995
33,-29.265283,-19.316897
22,-19.765261,-18.942289
34,-14.117248,-30.704997
27,22.010854,-24.448537
37,33.659552,4.693631
34,30.443268,15.73048
27,24.519023,18.635578
29,26.417475,25.525373
29,22.276021,25.807316
25,17.270225,22.70937
39,23.664299,35.006878
22,12.0693,19.618467
36,18.360216,32.181464
40,18.63042,35.602028
29,12.552399,25.698853
30,12.647525,27.314441
32,12.735242,28.967611
37,-33.257719,-16.768638
31,-28.055804,-16.519944
31,-28.15633,-20.02657
27,-24.335285,-22.605931
29,-17.899505,-26.51293
36,4.183493,-32.259647
38,34.264423,-0.662271
35,31.112836,16.470888
30,26.887463,22.41672
29,24.101831,26.012045
29,20.085393,25.98664
34,20.579191,30.875341
29,15.643673,26.521645
33,15.739509,29.526579
36,15.765509,32.638472
40,15.727009,35.855916
29,10.434012,25.742905
46,15.535246,41.44912
16,5.1403,14.587429
31,22.690781,27.759034
17,-3.459991,15.172875
35,19.642428,31.865278
32,19.765032,28.811358
35,22.481686,31.481465
34,22.450699,30.679228
29,19.701392,26.503709
33,22.347802,29.710943
37,25.173509,33.11375
27,18.443613,24.064952
14,9.741326,12.651816
42,5.770473,38.103007
40,5.293996,35.826631
37,4.818445,33.480839
45,5.688443,40.872598
40,4.854898,36.415996
35,4.034347,31.796554
43,4.555592,38.678131
34,3.161325,30.796347
5,-1.438028,-4.540734
41,-2.845394,-36.680252
42,-2.20305,-38.148597
42,-1.633784,-37.930433
37,-1.033368,-32.87728
41,-0.775663,-36.749651
45,-0.426144,-40.690086
33,-0.041095,-29.349431
53,0.381534,-47.408504
38,0.598682,-33.891204
40,0.915453,-35.74303
42,1.269576,-37.614874
44,1.662816,-39.506695
23,0.991588,-20.469011
47,2.329964,-42.381782
49,2.828931,-44.323333
25,1.615735,-22.895934
53,3.663354,-47.272738
0,0.0,0.0
42,13.159466,-37.595565
36,11.892693,-32.368437
37,13.395493,-33.494834
34,14.486411,-30.62185
33,22.377348,-29.993321
38,34.355276,-4.191603
36,32.45741,18.928626
33,29.327258,21.888959
28,25.247733,19.222531
33,29.453188,21.738054
38,34.20444,23.854245
35,31.148357,20.352026
29,25.749469,15.883466
42,37.735385,21.86562
34,31.001316,16.826809
37,33.440992,17.123138
40,35.992772,17.36161
28,25.467821,11.680728
45,40.49263,17.645221
0,0.0,0.0
39,-35.471153,16.587425
30,-27.163701,16.100449
7,6.339168,3.64182
36,10.539825,-32.65042
36,-16.085773,-32.73461
32,-28.812716,-28.228998
35,-31.841427,-22.625595
37,-33.281592,-19.420087
33,-29.976309,-15.236993
38,-34.603664,-15.722256
44,-39.526811,-16.106474
32,-29.232342,-10.891861
35,-31.639473,-10.967091
38,-34.134209,-10.995373
41,-36.716533,-10.971193
0,0.0,0.0
42,-38.090467,-24.143056
27,-23.850141,-18.498886
29,-25.797778,-25.027723
28,-19.270682,-25.234679
35,-15.469714,-31.450871
41,-6.884759,-36.88957
39,4.648985,-35.000771
36,14.887221,-32.028094
31,23.816317,-27.921528
35,31.42897,-22.650928
35,31.056229,-14.001406
39,34.671068,-8.846579
42,37.536255,-3.022364
44,39.663599,3.457111
36,32.776829,7.859512
37,33.315543,12.730392
37,33.503727,17.907705
28,25.046852,17.0071
37,33.02507,27.675353
27,24.318557,24.658681
31,23.791213,28.130894
35,23.142703,31.715049
26,15.011133,23.188813
0,0.0,0.0
42,-38.208083,-18.176222
36,-32.715817,-17.860805
30,-27.378614,-17.527476
30,-26.955848,-21.385986
32,-24.723956,-28.770219
34,-10.658805,-30.733255
38,11.188131,-34.040698
30,26.979541,-22.570244
40,35.64093,-15.424681
35,31.826061,-8.089997
41,36.774367,-5.313342
46,41.408271,-2.233182
40,36.253359,0.636561
32,28.910013,1.993434
45,40.714198,4.803535
36,32.076338,5.295521
37,33.324858,6.817088
38,34.509244,8.400836
40,35.630228,10.045347
41,36.688596,11.749008
28,25.016505,8.807555
39,35.549265,-2.590571
49,43.912872,-1.231233
34,30.207765,0.532102
41,36.478194,2.342648
44,39.209161,5.022126
35,31.745503,6.675318
38,34.294539,12.384685
24,1.866552,21.539186
40,-35.651766,4.501288
40,-35.663455,-0.51232
40,-36.265938,-2.564941
48,-43.361529,-4.654083
41,-37.299211,-4.939334
30,-27.188517,-4.006686
49,-44.328696,-7.104099
36,-31.952503,-5.474657
38,-33.901157,-6.069518
40,-35.874096,-6.664734
42,-37.871055,-7.257426
44,-39.891735,-7.844563
47,-41.935794,-8.422952
24,-21.74162,-4.424724
50,-45.044855,-9.26673
26,-23.308814,-4.837636
54,-48.204106,-10.071099
28,-24.900669,-5.227637
57,-51.411724,-10.822953
29,-26.516192,-5.587915
30,-27.059762,-5.700146
0,0.0,0.0
46,-3.00046,41.263519
42,-3.384338,38.188186
39,-3.808422,35.140807
36,-4.268593,32.121564
42,-6.46218,38.181117
37,-7.402246,32.931526
38,-10.655347,33.886018
34,-14.945442,30.165625
26,-23.725387,22.792323
40,-35.829705,1.274635
37,-33.479684,-20.052522
26,-22.983754,-21.759806
32,-24.464596,-28.682901
31,-20.566087,-27.831631
36,-21.381571,-32.090986
30,-16.528948,-26.816646
32,-16.915378,-29.135492
35,-17.267087,-31.420679
37,-17.581935,-33.671788
40,-17.857831,-35.888369
28,-12.038336,-25.139744
44,-18.225576,-39.504606
31,-12.243295,-27.51755
32,-12.301816,-28.449901
16,-6.168504,-14.571179
42,37.568305,-13.582687
39,35.099395,-10.72566
39,34.917066,-4.510449
33,-3.029526,29.485962
35,-22.443732,31.656257
32,-17.848327,28.417739
39,-11.105212,34.718681
34,16.795681,30.95081
38,34.181612,12.681249
43,38.59508,4.694902
33,29.609605,0.866074
39,34.879108,-0.677274
45,40.501292,-2.260048
34,30.298878,-2.393566
56,50.657985,-4.911538
0,0.0,0.0
48,-43.155887,-11.656992
34,-30.761431,-7.500685
33,-29.313837,-6.426603
41,-36.72181,-6.884554
38,-33.880153,-4.943676
42,-38.118771,-3.423834
37,-33.133089,-0.328252
42,-37.42321,4.821489
35,-31.481577,15.477065
37,-10.49572,33.736417
39,13.612804,35.458736
30,18.323639,27.180983
27,20.392217,24.699827
31,25.695951,27.467651
25,22.870148,22.505496
29,26.047587,24.214145
33,29.310334,25.997355
36,32.659612,27.86095
26,23.677057,19.651671
28,25.230866,20.545218
30,26.811172,21.467001
32,28.418189,22.418208
33,30.052121,23.400026
35,31.713164,24.413636
0,0.0,0.0
39,34.725004,16.281058
40,35.567195,21.715188
30,27.294739,22.430371
30,22.484099,26.71884
32,13.061432,29.226075
38,-3.63234,34.340025
34,-30.533178,21.759173
35,-31.867965,1.971843
45,-40.101108,-9.411762
37,-32.986837,-14.689872
32,-28.625364,-17.038475
34,-30.330303,-22.105751
35,-31.75907,-27.515317
27,-24.580964,-24.393956
31,-25.088359,-27.777501
23,-16.939206,-20.470954
37,-25.621332,-33.74537
27,-17.156392,-24.587426
45,-25.728367,-40.128235
32,-17.074609,-28.982218
34,-16.950773,-30.818816
18,-8.411673,-16.112275
41,-10.14893,-36.913687
38,-5.583108,-33.88245
39,-3.27396,-35.206787
40,-1.514984,-35.820222
40,-0.319319,-35.719788
39,0.299844,-34.903635
43,0.34581,-38.732915
39,-0.568526,-35.506122
39,-3.01663,-35.161287
34,-8.168063,-30.601077
28,-24.838756,-22.623876
41,-37.170891,5.786322
37,-33.140856,17.89364
6,-5.402454,3.551279
31,-20.113411,-27.729216
35,-14.138347,-31.06641
28,24.979369,-6.212152
26,23.665125,23.363034
36,-7.875811,32.584935
38,-33.758806,12.453862
39,-35.442661,4.223916
42,-37.605031,0.916685
38,-34.133902,-0.902141
44,-39.594316,-2.340226
33,-29.595687,-2.378263
55,-49.438383,-4.800392
41,-36.463361,-4.011914
21,-19.318819,-2.243668
45,-40.87063,-4.947431
49,-43.924946,-5.533223
26,-23.136253,-2.973424
54,-48.675688,-6.328561
28,-25.561226,-3.34011
0,0.0,0.0
31,-17.369337,-28.167227
29,-22.084777,-26.083887
25,-22.31058,-17.173139
35,-31.123108,-11.578342
38,-34.437268,0.36486
40,-35.659511,11.319653
37,-33.406499,17.171959
37,-33.076424,12.233782
37,-0.509357,-33.737355
38,10.09849,-34.597563
45,13.9665,-40.422496
45,15.189705,-40.850313
40,13.937593,-36.03456
30,10.583756,-26.746848
32,11.671366,-29.021574
34,-16.485882,-30.542876
33,-12.082258,-29.49672
31,-8.14946,-28.07936
29,-4.691134,-26.275067
39,-1.594637,-35.150032
37,4.476363,-32.86542
34,19.743513,-30.497417
26,16.359618,23.111145
36,4.244641,32.61142
44,0.307834,39.356175
33,-1.514923,29.311748
38,-2.944605,33.809303
43,-4.488725,38.488969
48,-6.135522,43.349802
35,-5.050133,31.689413
38,-5.845384,33.983197
40,-6.660812,36.33012
43,-7.49325,38.730093
46,-8.339322,41.183057
24,-4.490223,21.52794
50,-9.626075,44.961802
26,-5.136909,23.447106
54,-10.922243,48.859752
28,-5.784789,25.425913
59,-12.213397,52.877115
31,-6.4263,27.464511
31,-6.637306,28.157369
32,-6.84636,28.856906
40,36.061066,-13.22859
48,43.081456,-17.610006
32,28.583246,-13.107234
37,33.172661,-17.212482
37,33.584193,-20.836473
36,32.436484,-27.192324
33,16.980817,-29.756481
29,-20.056685,-25.728396
38,-33.969101,-4.785755
38,-34.214863,2.398402
37,-33.304602,5.919084
43,-38.549055,9.855233
36,-32.335932,10.18985
39,-35.255843,12.75848
42,-38.160624,15.481409
46,-41.048428,18.359376
32,-28.960558,13.91516
51,-45.817336,23.501075
36,-32.118817,17.486481
37,-33.368703,18.995021
38,-34.609757,20.548935
40,-35.84108,22.147905
41,-37.061672,23.791555
43,-38.270427,25.479451
22,-19.584468,13.386381
45,-40.058662,28.093168
23,-20.470414,14.717518
48,-42.948466,2.243267
32,-28.757137,3.672263
38,-33.813981,7.059847
39,-35.108532,11.481308
40,-36.056959,19.090874
34,-26.642994,30.940536
27,11.196945,24.578138
39,34.697498,4.896592
39,35.101256,-6.0026
40,36.312075,-11.925302
37,33.55347,-14.688433
42,37.474842,-19.740098
34,30.640184,-18.384891
36,32.78711,-21.660157
39,34.917102,-25.122211
41,37.036341,-28.771693
29,25.866119,-21.301481
45,40.564176,-35.272511
31,28.223839,-25.810309
32,29.174643,-27.712143
33,30.132806,-29.670341
35,31.100461,-31.685022
18,15.916681,-16.615697
43,-38.332707,3.893113
39,-34.872623,2.93882
35,-31.527896,1.951479
41,-37.033606,1.024735
35,-31.565712,-0.810644
36,-32.184055,-3.616597
36,-32.436825,-9.894527
23,-20.746149,-18.020228
31,-5.132493,-28.341592
40,11.158631,-36.139064
42,21.091318,-37.941922
35,21.353188,-31.624422
38,25.080807,-34.016081
40,27.895291,-36.118414
35,24.738454,-31.500303
36,25.533657,-32.604896
37,25.803601,-33.555965
30,20.485054,-27.429858
42,-38.220666,10.461404
40,-36.109589,9.823547
38,-33.945586,9.102784
46,-41.802939,10.875718
32,-28.689998,7.10819
38,-34.602591,7.933149
41,-37.208266,7.186656
34,-30.260655,3.845515
37,-33.346012,-1.572392
22,-13.893303,-19.577667
41,21.522976,-37.290727
36,29.403279,-31.981724
38,34.343525,-32.393175
38,34.101285,-29.75274
33,29.528226,-24.578873
37,32.978125,-26.52991
41,36.48422,-28.483307
44,40.046666,-30.432184
32,28.70481,-21.365226
34,30.330006,-22.220664
36,31.972008,-23.068828
37,33.630841,-23.907892
39,35.306532,-24.735911
41,36.999106,-25.550815
43,38.708586,-26.3504
0,0.0,0.0
24,20.367739,21.586821
21,18.389546,19.232574
23,20.221652,20.518668
23,20.258602,19.128622
23,20.368987,15.546632
22,19.984788,-15.690664
33,-2.993406,-29.750899
35,-5.708718,-31.583558
36,-6.722821,-32.522502
33,-6.487746,-30.13509
28,-5.422316,-25.025139
41,-7.851706,-36.620682
33,-6.267668,-29.917747
23,-4.319164,-21.116744
37,-6.633906,-33.435869
26,-4.491936,-23.465487
41,-6.780826,-36.960783
29,-4.511986,-25.81465
30,-4.474253,-26.752444
31,-4.409061,-27.688232
32,-4.315518,-28.621338
33,-4.192724,-29.551044
0,0.0,0.0
27,-24.108848,-17.722389
20,-17.419577,-17.675949
20,-11.5013,-17.589804
29,-7.819539,-26.017675
32,2.161111,-29.227557
38,14.539714,-34.308695
38,24.484311,-33.763549
25,10.015117,-22.126811
40,-35.82776,17.244264
38,-34.154047,17.300023
40,-35.848408,18.338333
49,-44.193399,22.74185
43,-39.046601,20.204537
32,-29.006629,15.081582
35,-31.489696,16.448291
38,-34.060521,17.886462
0,0.0,0.0
45,21.674394,-40.248107
40,21.062871,-36.05203
36,20.252153,-31.986845
41,25.425812,-36.545016
40,28.690734,-36.285423
34,28.963989,-30.515099
40,35.8297,-22.231219
29,-2.367409,26.205764
42,-27.034301,37.55971
34,-28.129548,30.414926
42,-37.504724,35.098707
41,-37.173247,31.131005
36,-32.273883,24.992808
40,-36.191829,26.324244
45,-40.245836,27.602554
32,-29.149418,19.093766
53,-47.300929,29.665098
38,-33.974841,20.45957
40,-35.971565,21.011827
42,-38.004861,21.57479
45,-40.073459,22.15373
23,-20.82308,11.300473
48,-43.239164,23.064337
25,-22.423836,11.771463
52,-46.474516,24.043438
27,-24.057548,12.28195
0,0.0,0.0
42,-23.523997,38.086511
38,-22.769,34.458131
45,-29.007114,40.444396
38,-27.20774,34.350044
39,-31.005109,34.694019
35,-31.916574,30.097047
38,-34.456346,23.02271
14,-12.14238,-12.173698
39,25.598351,-35.457943
38,34.194413,-34.34454
35,31.149102,-27.216183
43,38.263203,-30.364509
37,33.588997,-24.653038
42,37.957034,-26.095563
47,42.485129,-27.362373
34,30.919484,-18.846745
37,33.053812,-19.253195
39,35.238483,-19.585545
42,37.474612,-19.836377
44,39.763451,-19.997571
47,42.106393,-20.060274
24,21.949121,-10.020266
51,45.725629,-19.948425
26,23.791048,-9.897178
55,49.475775,-19.557447
29,25.69997,-9.624876
29,26.351729,-9.497406
0,0.0,0.0
42,-37.629652,37.859806
32,-29.127684,26.119262
39,-34.680679,27.399016
43,-38.255619,25.102017
37,-33.54067,16.499784
35,-31.656147,8.168299
27,-24.073889,-5.651378
21,-8.392978,-18.45899
35,5.377702,-31.487493
42,16.967135,-37.671885
34,18.251181,-30.72601
39,24.194782,-35.295722
44,30.469768,-39.924859
37,27.167219,-33.010161
40,31.017331,-35.65407
43,35.002374,-38.304606
30,25.614826,-27.008483
47,41.940176,-42.713537
34,30.362148,-29.934515
36,32.328844,-31.091449
38,34.333916,-32.23638
40,36.377155,-33.365963
43,38.458369,-34.476458
45,40.577386,-35.563689
23,21.095096,-18.181027
0,0.0,0.0
17,13.49905,15.400811
37,-8.573984,33.410698
37,-16.423559,33.110544
39,-25.403124,35.29074
37,-33.378099,27.877251
36,-32.1509,7.029739
24,-21.76795,-9.581594
17,-14.370605,-15.711336
21,-10.381229,-18.530744
20,-6.932825,-17.640833
23,-6.040872,-21.027666
27,-4.989976,-24.565521
20,-2.65773,-18.412308
34,-2.844798,-30.767921
25,-1.048438,-22.662914
27,-0.295733,-24.420693
14,0.155459,-12.878351
29,-26.215677,-1.974874
18,-16.62988,-2.463838
25,-22.342368,-5.749859
15,-13.39924,-5.852571
15,-13.395561,-10.349298
15,-6.752378,-13.477315
30,10.141386,-27.40527
31,28.248328,-12.002012
22,19.495146,4.860615
14,12.244399,9.073743
16,11.740546,14.635926
18,8.746072,16.240865
17,6.051168,15.091532
20,5.528758,17.778773
23,4.934387,20.639457
26,4.274011,23.673483
20,2.452732,17.553231
32,3.044148,29.1135
24,1.585339,21.338481
13,0.654648,11.266901
25,6.692279,22.441698
24,5.211453,21.615484
26,2.500269,23.30238
19,-17.536583,2.119038
16,-12.019158,-14.647467
21,-12.55612,-19.093045
19,-9.940493,-17.163397
18,-8.42921,-15.801445
20,-8.768013,-17.60019
22,-9.021693,-19.352197
17,-6.877962,-15.631277
18,-6.928368,-16.559938
19,-6.935744,-17.45957
20,-6.898008,-18.327219
21,-6.813062,-19.159781
22,-6.678792,-19.95399
15,-4.352616,-13.723396
0,0.0,0.0
23,4.49762,20.926805
19,5.421924,17.090519
18,7.745908,16.1038
13,10.212243,11.89305
24,21.262105,1.207262
35,22.108979,-31.655617
35,9.641774,-31.070429
31,5.264343,-28.154362
29,2.891851,-25.98333
25,1.235979,-22.077602
25,0.205808,-22.93498
20,-0.560608,-17.596612
26,-1.751546,-23.758631
20,-2.1009,-17.879253
20,-2.804817,-17.788267
20,-3.534954,-17.565648
13,-2.775264,-11.520452
19,-4.810471,-16.894403
18,-5.611359,-16.307246
12,-4.199217,-10.475657
11,-4.575351,-10.10963
0,0.0,0.0
12,11.22011,9.290207
13,8.021286,11.311671
14,4.942079,13.030817
20,2.034627,18.270874
22,-2.338422,19.984796
28,-8.22032,25.559515
34,-16.479324,31.022891
40,-26.992659,35.693082
34,-29.866748,30.337092
45,-40.146277,32.48591
37,-33.552594,22.178445
33,-29.733323,16.704293
34,-30.95433,14.851171
28,-25.383557,10.41166
29,-25.71046,9.004631
29,-25.820458,7.513486
29,-25.703602,5.946944
21,-19.058608,3.391855
21,-18.755306,2.448517
20,-18.344087,1.483644
7,-6.004118,0.276868
34,-18.454296,30.616097
41,-24.001741,37.179711
37,-23.21839,32.935342
32,-22.294163,28.647183
44,-36.240825,39.811558
35,-31.69324,26.821191
32,-28.904859,15.102389
19,-17.227454,-0.048287
8,-6.807226,-7.457331
19,-1.245657,-17.005696
18,3.794803,-16.191391
29,10.410132,-25.69757
28,13.166461,-24.942752
32,17.724161,-28.871489
27,16.419118,-24.256425
40,26.230752,-35.852701
33,23.037692,-29.553885
35,26.012488,-31.866284
38,29.065901,-34.205012
41,32.195621,-36.569281
43,35.399979,-38.956867
46,38.678028,-41.363849
32,27.642783,-28.920077
17,14.386825,-14.864228
30,26.815132,-16.653315
33,29.514863,-17.198081
25,22.726521,-11.919097
22,19.457865,-8.134988
14,12.334212,0.878664
28,-15.239678,24.934036
41,-34.42775,37.174863
41,-36.916781,37.330315
41,-36.687431,36.734067
37,-32.960039,33.295147
39,-34.179613,35.19591
41,-34.501194,36.586866
42,-33.91504,37.468699
34,-26.091206,30.272849
42,-30.524488,37.806117
33,-22.148512,29.930429
41,-24.016501,36.665703
32,-15.640026,28.502843
8,-3.343551,6.988936
35,31.220376,-17.390304
30,27.430003,-15.924565
42,37.535261,-23.574972
31,27.739385,-20.137522
36,29.432268,-32.662429
16,-4.333954,-14.257518
17,-14.992579,-2.653704
16,-14.696242,1.505374
26,-23.076241,5.746632
24,-21.836832,7.788042
27,-24.505877,10.684274
22,-19.954517,9.930792
32,-28.480574,15.79889
34,-30.375549,18.699024
27,-23.868612,15.898331
37,-33.071887,23.639973
38,-34.271119,26.3501
29,-26.343275,21.480833
40,-35.780018,30.84644
40,-36.296987,33.26949
41,-36.547186,35.595122
42,-36.50875,37.842053
0,0.0,0.0
9,-8.265198,-3.900321
10,-8.955969,-1.472462
13,-11.740091,0.860466
13,-11.81248,3.028116
17,-15.522469,6.228117
19,-17.004495,8.748127
14,10.70109,-12.554891
38,34.167648,-29.374218
39,35.350432,-30.476564
33,29.871804,-25.853595
39,35.338177,-30.682595
34,30.308276,-26.383758
51,45.77276,-39.939821
28,25.285212,-22.102171
46,41.052092,-35.931131
33,29.515872,-25.863314
35,31.285928,-27.435781
56,50.344536,-44.184816
0,0.0,0.0
39,-27.877414,34.761186
39,-30.430962,35.353188
40,-34.336385,35.983115
36,-32.504653,28.069761
11,-10.233795,0.206538
32,20.938653,-28.894365
43,35.18461,-38.520666
35,31.428658,-31.813401
44,39.207702,-37.880278
41,37.263004,-34.706353
35,31.539616,-28.596171
39,34.732055,-30.778908
42,38.030878,-32.930222
46,41.441102,-35.031754
33,29.579625,-24.48753
35,31.183661,-25.362435
36,32.825536,-26.203787
38,34.506811,-27.005005
40,36.229156,-27.758736
42,37.994345,-28.456789
0,0.0,0.0
46,41.073413,-34.775677
32,28.835199,-22.267085
28,24.812235,-12.419664
19,-4.180525,17.17436
38,-22.519267,34.485173
39,-25.48518,34.681885
37,-25.238536,33.032611
39,-27.634342,35.535208
33,-23.053104,29.442786
41,-29.027809,37.089863
40,-28.188548,36.31929
38,-26.20315,34.384487
35,-23.076691,31.28798
40,-24.892579,36.395116
30,-14.239265,27.31806
8,7.608893,6.913008
46,-26.704956,41.169595
28,-14.884909,24.831812
34,-15.926888,30.67589
27,-5.487633,24.016971
26,23.609062,-8.978865
42,37.394879,-35.122623
37,30.023665,-33.395575
43,31.599881,-38.837106
39,26.008292,-34.931263
40,24.411659,-35.885793
32,17.562109,-28.512568
38,18.472378,-34.269653
28,11.234776,-25.463957
26,7.409977,-22.951117
22,2.960765,-19.701535
17,-2.113989,-15.696068
12,-7.815471,-10.914546
11,-9.980872,-4.569589
21,-19.304534,-0.617887
14,-12.399332,2.270852
45,-35.492688,40.225603
38,-29.387511,34.424591
39,-28.670531,35.367093
36,-23.459509,32.041341
30,-14.598899,26.889821
13,4.723492,11.86036
24,21.985146,-6.049371
29,26.142201,-13.185752
36,32.068157,-18.708089
34,30.831654,-19.130109
36,32.718057,-20.858518
37,33.468459,-21.53111
37,33.084438,-21.161433
41,36.60177,-22.85028
32,28.367668,-16.852263
14,12.766833,-7.146313
19,5.413695,17.131829
22,2.627265,19.855166
20,-1.552022,17.988142
34,-13.507126,30.4206
38,-34.316858,31.935874
38,-33.983542,20.386738
36,-32.165607,19.173883
25,-7.351527,22.480792
15,13.648675,9.821578
19,17.196293,8.175477
15,13.697896,5.621791
18,16.47218,6.338935
0,0.0,0.0
36,-32.490816,27.54317
20,-5.309467,-18.231778
26,0.389805,-23.276904
21,-1.127433,-18.688764
19,-6.202143,-17.161748
14,-12.498488,-7.486116
24,-21.734756,3.127045
37,-33.520833,17.140134
36,-32.578478,22.692262
45,-40.828177,32.783844
44,-39.219672,34.30798
37,-33.543082,30.850146
41,-37.293495,35.526223
30,-27.037816,26.409662
49,-43.954039,43.893815
36,-31.643392,32.226655
0,0.0,0.0
45,-34.778054,40.751257
40,-31.657574,35.589514
40,-33.854515,35.955722
37,-33.741814,32.742953
38,-34.107305,27.743891
30,-27.076045,12.391931
11,-10.078942,-8.833057
23,2.356809,-20.561782
26,8.082646,-23.160548
33,13.670322,-29.703551
26,12.295941,-23.398985
37,19.031741,-33.256393
33,18.210335,-29.78585
36,20.91165,-32.591717
29,17.482296,-26.273837
42,25.740968,-37.457578
33,21.150856,-29.903322
0,0.0,0.0
21,-19.079227,2.063449
22,-19.411271,7.551549
30,-26.674194,16.966192
38,-33.85574,30.396314
37,-26.800801,33.119542
14,0.394148,12.68253
37,33.721884,-26.291657
37,33.679877,-33.063236
44,37.451172,-39.687771
45,36.64864,-40.599261
40,31.660541,-36.028444
30,23.198783,-26.821786
50,38.083701,-44.627126
36,27.670763,-32.789008
39,29.573055,-35.302748
42,31.545008,-37.885386
45,33.590114,-40.533891
24,17.585836,-21.279753
50,36.803059,-44.622107
26,19.237898,-23.356268
27,19.809687,-24.061803
40,30.197655,-35.623521
10,8.673757,-5.409688
23,-10.76068,21.090545
26,23.091429,-13.261159
40,36.182676,-33.43907
43,38.609751,-38.147999
7,6.524418,-6.575301
45,40.2557,-30.874184
33,29.415234,-22.304199
37,33.285749,-24.88459
33,29.422293,-21.544962
34,30.221511,-21.415348
35,31.703445,-20.930912
29,25.914107,-13.664896
12,10.957979,4.986855
31,-13.768889,27.649886
34,-20.851391,30.952364
40,-25.774486,35.596676
41,-27.595732,37.015416
39,-26.813494,35.544411
35,-23.909485,31.573488
9,-6.314777,8.335125
37,-21.294479,33.231333
34,-16.979668,30.474545
34,-15.496852,30.489239
33,-14.623537,29.956339
32,-14.4055,28.826224
33,-16.599566,29.924553
41,-26.140832,36.493128
38,-34.600082,29.667108
32,-28.36394,13.221604
18,-16.063283,4.484727
25,-2.8555,22.29173
29,-7.87083,26.532277
33,-15.031417,29.443614
38,-27.747679,34.633135
38,-33.956003,28.991148
41,-37.133613,23.191899
31,-28.049603,13.521414
30,-26.738201,10.112439
27,-24.102458,6.562035
22,-20.164358,2.801371
19,-16.851591,-1.862481
11,-8.057186,-9.57479
27,10.896414,-24.501228
39,33.93348,-35.289433
19,17.118132,-14.722783
37,21.232995,-33.261108
32,16.343873,-28.603175
31,13.348882,-27.645573
24,7.70167,-21.677949
20,2.562275,-17.758997
12,-3.3551,-10.635329
13,-11.362684,-3.911507
20,-17.966881,5.678667
31,-28.230362,18.120364
40,-35.993304,31.671685
39,-32.411844,35.067612
8,-5.90271,7.091992
25,10.327098,-22.448692
22,6.928683,-19.763808
10,-8.795899,-1.182498
39,-33.246359,34.972111
41,-30.363424,36.976469
35,-24.573965,31.515063
31,-20.75956,27.48618
40,-26.640764,36.335778
33,-21.365704,30.003432
34,-20.978061,30.252402
33,-20.199633,29.957332
32,-19.041533,29.111291
31,-17.515406,27.707257
35,-19.206228,31.798616
25,-12.795089,22.473633
30,-14.128489,27.413288
24,-7.681902,21.731091
3,2.708708,3.093147
38,-33.903569,17.304284
26,-23.75782,12.928454
33,-29.4964,17.005901
30,-27.047992,16.570081
34,-30.426023,19.845802
35,-31.623648,22.166119
34,-30.240533,23.046756
37,-33.171836,28.78113
27,-14.719206,23.909566
23,20.346881,-7.899342
32,29.011883,-17.617394
34,30.692462,-21.201752
42,37.770037,-28.197327
0,0.0,0.0
43,-24.618391,38.938073
28,-17.09906,25.528312
40,-26.249943,35.969538
37,-28.327093,33.236656
37,-33.324523,29.821877
32,-29.161996,16.579381
22,-19.624709,5.980604
20,-18.055255,2.181684
16,-14.096814,0.012673
15,-13.476189,-0.723367
15,-13.115796,-0.646121
14,-13.049928,0.208377
18,-16.036593,2.420398
19,-17.034675,5.941375
28,-25.402405,15.431545
38,-34.02265,30.785172
27,-22.087293,24.683205
8,-7.123251,-4.981185
13,1.608803,-11.75713
36,25.909922,-32.710234
40,32.026899,-35.557317
38,31.782068,-34.199881
40,34.255482,-36.354053
40,33.977829,-35.776012
46,39.310198,-41.176205
41,35.53714,-37.092018
34,29.163444,-30.371883
36,31.405259,-32.653911
52,45.501292,-47.234345
14,12.043223,-12.489402
43,38.577015,-38.54324
40,35.970437,-35.323989
14,12.859878,-8.439665
38,-30.007942,33.917743
39,-31.514656,34.771136
45,-37.188779,40.817157
35,-28.595402,31.385438
43,-35.050517,38.583055
35,-28.714606,31.784567
40,-32.456549,36.253153
36,-28.742671,32.615533
39,-29.754571,34.94326
27,-18.058158,24.38698
33,29.846391,-25.136833
18,16.393424,-4.426395
15,-0.601024,13.42452
27,-12.347708,23.958122
32,-18.72011,28.845989
37,-23.517832,32.908862
38,-25.510844,33.80749
35,-24.627875,31.556283
40,-28.645552,35.819945
33,-24.268283,29.803831
49,-36.265264,43.844282
13,-9.789318,11.718555
15,13.226487,3.848753
15,1.476769,13.603521
27,-10.137772,24.346231
34,-19.914308,30.287917
41,-30.413331,36.789924
39,-34.828082,34.936726
39,-34.95612,28.275197
31,-27.616001,15.733379
23,-21.003627,3.509727
10,-9.376394,-7.300857
11,-2.381887,-10.32808
22,2.193356,-19.725424
18,4.436392,-15.751668
29,9.993586,-25.893787
17,6.889714,-15.144964
28,12.886607,-25.589766
0,0.0,0.0
17,1.593238,-15.485905
8,-3.434392,-7.323876
16,-14.233426,2.557759
32,-28.744538,22.136453
40,-34.831622,35.67227
37,-27.627544,33.073423
32,-20.900246,28.950696
29,-15.268305,26.3076
21,-6.742344,18.549872
13,0.026612,11.445235
8,6.091863,6.839107
14,13.016914,1.339182
23,20.784959,-5.050719
25,22.775834,-9.236819
23,20.940236,-10.255229
37,33.391351,-18.47106
33,29.366052,-17.695966
0,0.0,0.0
43,-39.025918,38.514037
39,-34.205675,34.962645
42,-35.324178,37.475155
36,-29.830584,32.842831
41,-32.619152,37.064467
37,-29.142153,33.268146
38,-33.451133,34.147739
34,-30.732761,20.360706
27,-23.876846,7.769304
21,-18.483369,3.080126
19,-17.493904,1.703555
17,-15.580771,1.044022
14,-12.694346,0.729262
15,-13.606654,0.789608
16,-14.550942,0.956239
11,-10.235936,0.787361
37,-33.511481,23.962955
34,-30.923654,23.905651
35,-31.74467,26.080832
41,-36.870104,32.732463
38,-33.374537,34.493695
24,-12.882495,21.934318
8,5.592473,7.474539
16,14.515027,-0.109361
17,15.339354,-3.086459
23,20.359268,-5.640985
21,18.826753,-5.96285
25,22.087729,-7.477222
18,16.633638,-5.833471
31,27.962092,-10.025223
23,20.737921,-7.529463
25,22.487495,-8.198945
27,24.300196,-8.858394
29,26.176964,-9.5042
0,0.0,0.0
37,-17.945233,33.438379
36,-18.320783,32.119064
34,-18.061904,30.276052
31,-17.153362,27.923825
38,-21.224107,34.194361
34,-18.101011,30.518572
28,-8.358198,25.227295
32,28.517115,-12.150717
39,35.030183,-24.845071
39,34.893832,-26.466391
49,43.940016,-34.200535
34,31.00742,-24.394246
39,34.681349,-27.395685
43,38.511967,-30.469996
47,42.49936,-33.611413
34,30.625581,-24.182976
36,32.513962,-25.622195
38,34.448853,-27.07575
40,36.430272,-28.541779
43,38.458237,-30.018223
0,0.0,0.0
35,-11.730412,31.778964
34,-11.339893,30.265797
32,-10.869497,28.663497
40,-13.614228,35.57945
27,-9.435692,24.601254
33,-11.368158,29.877603
36,-11.929428,32.402462
35,-10.329564,31.20011
28,-5.435578,25.123108
15,13.735852,11.733398
41,36.981971,-24.52106
39,35.46567,-29.742134
42,38.12353,-33.799935
41,36.564192,-33.118471
35,31.175863,-28.462636
38,34.546282,-31.620639
42,38.055312,-34.821746
30,27.388124,-25.0124
49,44.21165,-40.241624
35,31.620494,-28.656477
37,33.385048,-30.128622
39,35.190391,-31.607138
41,37.036415,-33.090547
43,38.923,-34.577209
0,0.0,0.0
45,31.120592,-40.881264
39,27.6564,-34.961469
40,29.712295,-35.68585
35,28.599411,-31.58863
37,32.943304,-28.257122
22,5.356625,19.821355
37,-14.858216,33.381177
38,-18.261803,33.941302
45,-24.045996,40.792234
34,-19.106682,30.652947
46,-27.204141,41.839995
40,-24.327237,36.03752
32,-19.693334,28.388637
44,-28.132985,39.499968
46,-30.216298,41.195735
35,-23.992399,31.886901
36,-25.105526,32.640582
37,-26.195877,33.309425
12,-8.970531,11.237204
51,26.745165,-45.53592
31,15.060284,-28.111371
40,16.516029,-36.36923
31,7.521092,-28.31616
19,-10.262496,-17.230115
34,-30.784966,10.845662
38,-34.199289,25.184706
29,-15.20459,26.073884
38,34.029912,-16.649722
39,35.475012,-22.163931
43,38.333867,-25.671984
39,35.114271,-24.369877
46,40.967902,-29.086233
34,30.741628,-22.152193
37,33.610058,-24.45598
41,36.585636,-26.837288
22,19.442222,-14.334869
41,21.307681,-36.84446
48,23.366954,-42.947048
31,13.874093,-27.71716
42,16.48374,-37.959077
31,8.630114,-28.100906
26,-0.08712,-23.745168
24,-21.931458,-4.917606
37,-33.173899,18.129118
43,-38.262096,30.090045
35,-31.584877,28.758628
38,-34.387384,34.195206
43,-36.520004,39.083187
38,-30.293394,34.416451
41,-30.866967,36.9116
32,-23.310485,29.152377
45,-31.00271,40.604113
35,-22.992679,31.602048
48,-30.013593,43.447279
37,-21.823063,33.41989
38,-21.057385,34.008856
38,-20.131637,34.485676
26,-12.82737,23.200669
40,-36.005698,20.494248
36,-32.552528,31.84801
25,1.950801,22.797674
27,24.417,4.260292
35,31.864329,-7.65146
33,30.134602,-13.478582
46,40.996545,-25.388821
36,32.629075,-25.25782
39,35.04418,-31.802391
34,29.573997,-30.52218
39,30.797218,-35.344706
45,31.9102,-40.450519
38,24.611579,-33.85767
41,25.166,-37.004309
45,25.707648,-40.264881
32,17.438614,-28.709337
51,26.616276,-45.941965
18,8.997555,-16.096581
47,34.664281,-42.361185
32,24.434101,-28.996498
39,30.346008,-34.891566
42,34.096539,-37.430835
34,29.527322,-30.400932
37,33.068331,-30.430734
37,33.309134,-17.540524
34,-5.049537,30.832369
37,-16.471795,33.04717
41,-21.188216,36.781583
40,-21.973783,35.587838
46,-26.537794,41.153683
38,-22.949238,34.567328
42,-25.596482,37.779614
30,-18.549967,26.988623
48,-30.073988,43.213043
34,-21.559627,30.644609
54,-34.621703,48.748343
38,-24.611234,34.369507
40,-25.841243,35.879247
42,-27.075469,37.400513
21,-14.001663,19.274377
44,-28.932897,39.704371
46,-30.173935,41.255151
24,-15.552731,21.212891
24,13.406636,21.185576
18,16.189284,16.550026
21,18.71495,12.039395
23,20.994469,7.652121
30,27.061107,3.544857
38,33.878714,-2.813325
35,31.849709,-8.257336
37,33.575984,-13.472681
45,40.102222,-21.549302
34,31.044181,-20.313709
41,37.016357,-28.031216
36,32.227951,-27.612211
36,32.52632,-30.804669
38,32.676975,-33.886368
34,27.243385,-30.512769
21,16.315871,-19.271197
45,-22.822118,40.502034
40,-21.497434,35.562182
30,-23.201762,26.679085
42,11.723474,-37.405744
39,17.264652,-35.475459
39,19.538546,-35.272255
43,23.770709,-38.669046
36,21.756346,-32.247837
36,23.919947,-32.475435
44,32.53734,-39.585597
33,27.802138,-29.790278
41,36.502497,-33.432908
34,30.255975,-22.605977
43,38.685679,-21.583586
35,31.32745,-10.795345
35,31.414983,-4.018268
35,31.310646,3.72241
26,23.325461,8.46105
26,23.144549,13.786757
17,15.319314,12.35977
43,34.057971,-38.731717
31,23.070576,-27.637822
39,27.471995,-34.832838
45,29.06478,-40.05022
32,19.036991,-29.024914
42,21.533674,-38.068502
39,14.465799,-35.330051
33,1.701013,-29.383778
26,-23.814583,-8.194636
39,-35.238375,15.52665
40,-36.309919,24.67197
41,-36.690102,29.657622
37,-33.5265,29.970463
41,-37.19653,35.740802
34,-30.275784,30.712705
38,-32.284904,34.154148
27,-22.623701,24.721958
45,-35.558484,40.07196
32,-24.769039,28.742095
34,-25.602988,30.391621
54,-39.932379,48.731452
38,-27.613498,34.617453
0,0.0,0.0
50,18.138309,-44.720225
33,14.685076,-29.313304
37,20.614389,-33.662152
37,26.779955,-33.714416
42,37.915601,-32.420234
35,31.502743,-14.914323
38,33.929995,-3.500435
28,25.378106,7.953168
20,17.69332,13.6681
27,16.125892,24.024555
29,8.415016,25.69104
34,3.130141,30.203157
30,-1.768016,26.997824
41,-8.152791,36.773181
44,-15.446813,39.568754
37,-18.120756,33.274285
38,-23.676744,34.407715
39,-29.640631,35.281846
30,-26.39318,26.894739
34,-30.157074,27.17066
38,-34.098207,27.374119
28,-25.009315,18.333072
50,-12.683469,44.871481
35,-8.928284,31.461246
33,-8.371558,29.555044
40,-10.205069,36.400618
45,-11.034577,40.592542
32,-7.283564,28.48215
40,-8.014529,35.947148
39,-4.452368,35.011579
27,9.330999,24.028103
41,36.721411,-13.857147
37,33.449128,-25.134894
34,30.536935,-25.664958
41,36.535585,-32.150268
38,33.827326,-30.414186
31,28.195278,-25.55583
34,30.719235,-27.909972
37,33.33643,-30.261579
40,36.047478,-32.60692
28,25.584365,-23.035927
30,26.859253,-24.069481
15,13.916493,-12.420717
43,14.779716,-39.050041
40,12.920482,-35.768594
36,11.049441,-32.542496
43,11.810834,-38.466578
37,8.468917,-32.958269
44,6.460472,-39.389466
31,-0.956325,-27.712424
24,-17.700275,-21.388527
36,-32.507857,5.870804
40,-35.602593,20.082948
41,-37.332847,27.469733
31,-28.223351,23.354153
43,-38.860927,34.646469
28,-25.151132,23.603533
40,-35.583901,34.647387
31,-28.166082,28.299221
34,-29.381736,30.223604
36,-30.550299,32.094895
38,-31.671023,33.912904
40,-32.743222,35.677436
27,-22.400236,24.738755
43,-34.420732,38.498946
30,-23.472449,26.569836
15,-11.888217,13.550064
25,22.237289,19.565594
22,19.540552,18.495418
20,16.699044,17.596981
26,18.347685,23.472613
25,12.164824,22.593268
32,6.035484,28.65849
40,-8.165987,36.159483
40,-23.12399,35.909698
36,-29.807631,32.188951
32,-29.202851,26.861132
39,-35.244229,29.712788
38,-34.093366,27.287583
34,-30.426732,23.690147
37,-33.273567,25.505428
40,-36.160451,27.472504
32,-29.038028,21.987743
11,-10.047713,7.605674
36,-10.019573,-31.956247
25,-11.857247,-22.110277
24,-21.193153,-17.842891
35,-31.169438,4.236413
36,-22.584642,32.514785
34,3.590562,30.592283
22,19.759427,17.428386
36,31.977698,7.901098
36,32.455855,-0.266476
36,32.31187,-4.55465
43,38.369377,-8.969535
37,32.983351,-9.923357
41,36.769911,-12.888337
45,40.721121,-16.048992
33,29.424797,-12.548525
53,47.678515,-21.730889
38,34.220796,-16.501038
20,17.860302,-8.873208
51,9.710473,-45.701004
32,7.575643,-29.049641
36,10.386975,-32.287207
40,16.032949,-35.930783
35,27.701342,-31.888187
39,35.223823,-4.317667
28,25.239349,9.756261
30,27.10311,13.912536
33,29.291955,12.931077
31,27.616263,6.440743
38,33.998094,-2.894123
41,36.789913,-18.863572
33,29.613345,-27.802146
38,26.181279,-33.910651
28,16.452544,-25.614392
34,30.749082,10.64118
37,33.136449,-7.569817
37,33.316948,-28.14126
38,22.848718,-33.994247
40,16.472681,-35.75014
37,11.034311,-33.613938
39,7.778521,-35.101485
39,4.116648,-35.390227
38,0.026365,-34.469802
36,-4.516252,-32.329106
32,-9.535036,-28.956401
27,-15.052095,-24.339524
23,-21.0862,-18.466212
31,-27.651157,-11.324535
25,-22.346923,-2.950697
49,43.65386,-19.609758
37,33.527288,-17.269753
32,29.01743,-18.845906
37,21.544882,-33.243992
26,-18.263791,-23.322737
25,-22.276438,-11.98454
30,-27.114025,-11.166308
32,-28.971473,-10.971281
31,-27.856597,-11.477314
26,-23.778428,-12.766894
21,-18.647421,-17.666357
33,-2.393984,-29.288371
38,25.635591,-34.410541
36,32.517125,-26.309734
41,36.528371,-23.939415
38,34.097882,-19.682919
0,0.0,0.0
42,37.356864,6.381908
29,25.863602,4.95055
35,31.679435,6.583161
32,28.549567,6.301641
28,25.503304,5.744301
36,32.728301,6.992107
29,26.35572,4.283698
39,34.817481,-2.76395
36,13.451012,-32.270253
37,-4.565328,-33.623552
31,-6.36354,-27.66621
37,-8.698777,-33.170484
34,-8.413209,-30.703343
28,-7.034587,-25.554776
31,-7.560524,-27.786361
33,-7.994899,-30.073761
36,-8.331909,-32.414007
25,-5.690972,-22.934133
27,-5.762599,-24.010249
42,-8.704285,-38.061639
15,-2.899941,-13.239022
44,-15.97385,39.924821
37,-15.859642,33.265548
43,-23.862124,38.443736
33,-28.325937,29.414126
37,-33.405769,16.460958
39,-34.762863,1.938228
30,-27.052729,-5.69977
31,-27.946331,-9.984683
27,-24.011456,-10.403461
22,-19.71343,-9.00505
28,-25.320833,-11.323673
29,-26.144848,-10.537161
24,-21.570351,-7.25203
31,-27.871945,-6.841248
26,-23.101549,-3.144938
33,-29.995456,-0.294867
35,-31.372349,4.53758
37,-32.895501,10.203835
31,-27.508275,12.794227
35,0.011856,-31.655034
28,-4.218044,-25.190527
26,-10.245474,-23.297699
17,-14.575539,-15.295866
20,-17.597562,-8.495349
30,-27.172718,-2.804181
30,-26.759579,4.701214
38,-33.988828,15.551037
16,14.590649,7.976271
36,32.147752,-9.566893
35,31.133676,-11.362433
44,39.743214,-15.901566
40,35.89386,-15.157722
46,41.45021,-18.100124
34,30.87088,-13.767283
37,33.566001,-15.166635
40,36.351142,-16.59315
44,39.226171,-18.040706
47,42.190953,-19.502565
25,22.235282,-10.30194
52,46.806131,-21.705733
0,0.0,0.0
39,34.858068,-6.461999
41,36.8028,-11.313716
38,34.562339,-17.783097
34,30.628518,-29.352113
37,14.194654,-33.417116
34,0.03343,-30.269072
28,-8.441052,-25.033072
21,-12.584061,-19.17457
19,-17.308926,-16.795011
19,-17.060488,-11.195378
28,-25.123294,-10.549014
26,-22.985666,-5.219009
28,-25.426583,-1.959276
31,-27.758965,1.651381
33,-29.98797,5.596943
36,-32.116763,9.861029
38,-34.145995,14.427603
40,-36.073258,19.281718
42,-37.892495,24.410255
44,-39.593358,29.802645
11,-10.148848,8.323389
40,-35.768437,36.177798
37,-30.776765,33.387931
42,-31.747253,37.666545
37,-24.63699,32.999045
37,-20.734456,33.247215
41,-14.498123,36.450948
23,4.628259,20.906829
33,29.755423,-3.397793
40,36.355046,-23.94643
39,34.893647,-31.908488
34,27.824776,-30.170557
41,29.838301,-36.503301
38,25.099887,-33.871638
42,26.026514,-38.110295
47,26.815864,-42.426767
39,20.556863,-34.696254
41,20.888993,-37.192011
14,7.03015,-12.956149
27,6.834162,24.663119
18,9.953602,16.551201
20,17.753907,15.704243
20,18.4188,7.943636
32,28.442805,2.204422
34,30.354016,-9.739769
37,31.722681,-33.344642
34,9.518023,-30.745466
32,0.680967,-29.159714
32,-4.909726,-28.370424
23,-6.386936,-20.486212
24,-9.05759,-21.606096
19,-8.630886,-16.851403
19,-10.266935,-17.3247
46,14.06984,-41.234838
29,8.354876,-26.501339
33,8.257714,-29.66221
32,5.802333,-28.35741
29,-0.695386,-26.512595
25,-22.089109,-0.609682
39,-35.111672,30.637221
40,-32.096448,35.836338
35,-26.097168,31.922536
41,-28.328225,36.598436
45,-30.191059,40.751772
39,-25.245403,35.241868
41,-26.011439,37.30087
32,-19.89793,29.16723
45,-26.899768,40.265867
35,-20.350548,31.086814
47,-27.221921,42.420169
36,-20.384056,32.398885
36,-20.273488,32.77539
49,-26.733172,44.093561
0,0.0,0.0
44,-39.513825,15.992572
34,-30.792663,14.834137
36,-32.774918,21.026785
34,-14.884992,30.482741
16,14.555855,13.507664
23,20.676066,8.637618
25,22.829753,6.416838
24,21.802548,4.81369
26,23.652238,4.437298
28,24.859322,4.139131
28,25.414865,3.894112
28,25.310299,3.6763
27,24.537818,3.460354
31,27.475479,3.835769
27,24.216032,3.419192
12,10.516513,1.522215
18,16.597936,16.216683
30,26.892598,3.50652
32,2.581997,28.660988
37,-9.004453,33.220579
42,-13.138239,37.76965
38,-13.077345,34.438208
36,-12.840283,32.515039
41,-15.054878,37.280902
47,-17.346035,42.372736
39,-14.549164,35.317228
28,-10.442832,25.305873
15,-5.445828,13.196546
44,-39.741663,-0.017254
31,-27.718454,0.765557
29,-26.003372,1.389825
36,-32.116623,2.766485
40,-36.253873,4.832582
29,-26.070123,4.899976
38,-34.553959,8.97887
38,-33.970385,12.84054
42,-38.040902,22.646191
34,-29.742323,30.818121
37,-18.103785,33.659641
39,-10.586148,35.221631
34,-5.362661,30.846517
38,-3.51126,34.050419
35,-1.989714,31.862676
25,-1.00056,22.667816
37,6.982463,-33.248554
43,10.675988,-38.369655
36,11.911163,-31.973885
41,19.523779,-36.917661
34,27.83519,-30.777292
39,35.481157,-13.301217
30,27.335169,5.658332
21,19.093337,11.652044
19,17.30959,16.455514
22,14.974132,19.822916
24,12.045269,21.714711
29,9.497126,25.711649
33,3.324518,29.916407
31,-20.037456,28.202727
10,-9.006629,1.642952
23,-20.805153,-14.987279
32,28.849339,-10.955265
39,34.930832,-6.15115
40,35.807453,-8.982797
34,30.814453,-10.254972
44,39.637564,-16.894073
41,36.671667,-19.598851
36,32.157906,-20.553264
37,33.37563,-24.896874
38,34.386008,-29.724867
31,28.107812,-27.586755
44,35.74038,-39.660841
30,21.710495,-26.750956
0,0.0,0.0
37,28.321265,-33.415674
40,27.338652,-36.32234
41,23.052187,-37.102222
35,13.909746,-31.307175
38,4.794811,-34.357883
26,-13.983935,-23.107385
28,-25.430319,-6.903985
36,-32.457697,3.342887
39,-35.530722,10.513665
39,-35.438046,14.81667
44,-39.771481,20.305951
40,-36.267276,21.197174
34,-30.949022,19.799741
46,-40.973711,28.347956
38,-34.508447,25.587558
0,0.0,0.0
21,19.206179,17.515226
24,21.384424,13.971707
25,22.916893,10.712735
26,23.808667,7.725108
31,28.056532,5.581306
35,31.210496,2.33198
36,32.26034,-1.870755
39,34.856458,-8.61756
28,25.178306,-25.263152
24,-16.820555,-21.459999
20,-18.030149,-9.004772
36,15.852422,-32.046127
36,22.530469,-32.845298
38,24.675387,-34.306871
42,27.967567,-37.44396
37,25.606507,-33.102266
36,26.234778,-32.727331
40,30.269906,-36.061334
35,28.606638,-31.914841
32,28.889916,-28.894343
39,34.823275,-22.675734
9,7.44301,7.946744
25,-14.755396,-22.372215
27,-10.133457,-24.331767
32,-6.542111,-29.077611
32,-1.884994,-29.158779
35,2.482559,-31.227118
37,8.061191,-33.168496
36,18.73836,-32.499959
25,22.839226,7.340012
28,7.805078,25.058124
18,2.642385,16.299258
40,23.719648,-36.296999
41,23.032162,-36.775278
38,19.310113,-33.951583
39,13.754231,-35.001569
21,-18.863148,-13.776783
38,-33.882226,12.56633
44,-39.236688,20.084976
41,-36.488169,20.555028
39,-35.020544,20.552414
44,-39.20745,23.542414
38,-34.37587,20.915247
41,-37.047557,22.710434
33,-29.536904,18.182537
46,-41.714833,25.741161
37,-33.033548,20.406956
25,-22.85371,14.120075
42,31.271573,-38.102053
36,16.446023,-32.784969
25,-22.066348,-8.27556
38,-33.816258,10.275893
35,-31.221062,12.820942
43,-39.112829,17.651326
37,-32.987992,15.175075
38,-34.365429,14.911821
35,-31.573766,9.696174
20,-4.581998,-18.21748
42,31.02027,-38.222857
41,35.760533,-36.962159
31,28.250096,-27.567101
12,10.619352,-10.137375
28,-0.922013,-25.245341
30,-27.071091,2.221224
39,-34.971727,21.701321
34,30.663189,-10.495285
19,17.531403,-9.622599
40,-35.705268,24.480467
39,-35.07097,30.880953
40,-35.929093,32.286793
38,-34.488496,27.323217
31,-27.756434,5.969352
27,-0.615892,-23.884919
37,9.825359,-33.288634
37,13.136727,-33.444436
37,14.624654,-33.124964
44,18.624057,-39.195326
37,16.792561,-33.605714
27,12.621483,-24.495554
14,6.755536,-12.892679
19,-8.808296,-16.8653
16,-14.144141,-9.251089
38,-34.153741,30.496833
8,-6.66895,6.98692
41,-37.11448,33.518076
38,-34.599723,28.251833
27,11.580236,-24.003476
17,14.802234,-15.536267
19,-14.331785,16.767774
40,-35.713435,33.664648
39,-35.128708,27.686793
39,-35.4928,27.802603
41,-37.247431,30.880508
41,-36.823445,33.959047
36,-30.140056,32.20615
38,-26.613566,34.504727
41,-21.513411,36.821827
37,-13.123072,33.487412
26,-5.440066,23.388947
27,-2.385361,24.322545
28,1.040103,25.356394
22,3.263111,19.77362
23,5.584195,20.497072
24,8.087406,21.3017
16,6.876033,14.694403
25,12.687309,22.860861
9,4.892305,7.856358
16,14.816402,14.011001
24,5.024884,21.598635
37,-9.250189,33.244938
40,-22.167215,36.029487
39,-29.907421,35.341679
36,-32.434943,31.254506
36,-32.621892,25.791087
30,-26.761279,6.477735
41,25.458507,-36.913058
37,29.92762,-33.563671
32,27.405516,-28.651415
44,-17.703243,39.472066
38,-13.888465,34.482836
33,-10.476861,29.722389
34,-8.903863,30.803222
36,-6.004398,32.053378
28,0.803506,25.53025
17,15.242766,-14.462858
33,-0.084985,-29.845161
25,-5.112839,-22.430588
23,-8.064717,-20.486933
19,-9.348991,-17.159985
19,-12.228536,-17.510096
19,-15.380481,-17.52874
15,-13.762872,-12.945863
18,-15.792319,-12.597021
20,-17.926475,-12.079088
7,-6.467357,-3.880626
25,-0.992724,22.158363
40,-36.016401,35.661945
37,-33.160207,30.75974
37,-32.90233,32.139056
40,-33.712362,36.347949
39,-28.311185,35.007984
42,-25.511121,37.778103
38,-18.375475,34.445996
33,-12.020938,30.094596
35,-8.330397,31.330533
36,-3.957985,32.571971
22,0.01886,20.155362
31,3.147973,27.622711
8,1.38519,7.045326
31,1.458477,-27.882555
38,10.156395,-34.456489
35,17.313765,-31.270256
42,31.228305,-37.432741
38,34.535274,-30.388297
39,34.772208,-24.339134
33,30.111023,-17.68232
40,-35.979544,14.460376
10,-8.687212,3.378001
34,-7.360505,30.285855
23,20.470096,6.507706
33,29.275937,-3.708643
26,1.926566,23.765217
40,-19.891867,35.65486
40,-24.250944,36.100532
43,-28.012767,38.945216
42,-28.033779,37.610799
36,-24.538077,32.280258
40,-27.708857,35.991029
44,-31.017854,39.901065
32,-22.582425,28.87178
17,-11.876548,15.13953
34,-4.028436,30.693257
42,-7.778947,37.3766
37,-10.387004,33.361694
33,-12.797992,29.42173
41,-23.196149,36.972908
36,-32.008619,32.790996
40,-35.738591,22.385785
36,-32.217062,11.519943
36,-32.398881,4.9748
29,-26.23954,-0.507773
28,-24.774003,-4.463677
25,-22.584989,-8.186145
22,-19.682558,-11.700164
18,-16.082477,-15.031182
16,-9.817951,-14.315843
23,-7.910949,-20.641402
26,-2.474138,-23.578444
36,5.06386,-32.013071
33,11.599233,-29.647715
21,10.433052,-19.032031
33,0.024722,-30.021878
26,-2.029349,-23.117103
19,-4.048476,-16.75537
17,-11.695648,-15.614137
29,-25.683815,3.12961
38,-33.867462,25.926092
40,-34.965809,36.411856
37,-28.591341,33.168526
38,-28.634393,34.550777
42,-31.451145,37.838979
36,-28.677735,32.363851
39,-34.683134,29.825226
20,-18.081459,-0.537446
21,-6.485465,-18.773016
32,7.811112,-28.858821
30,7.336739,-27.151957
24,-21.914728,-1.305809
31,-28.084343,8.735421
34,-30.657741,11.958312
36,-32.714772,14.03813
35,-31.309385,14.200731
30,-26.682435,12.537976
33,-29.567321,14.274998
36,-32.57631,16.126784
40,-35.705687,18.100782
28,-25.599847,13.227792
0,0.0,0.0
33,-12.430639,29.427944
35,-11.282142,31.537223
26,-5.865775,23.296656
23,-0.042937,20.84751
20,18.437645,2.389714
38,34.47419,-29.415684
38,29.63076,-34.106528
39,26.844197,-35.041183
42,26.550084,-38.056422
36,20.777528,-32.405482
42,21.944945,-37.774278
32,14.698627,-29.022678
33,11.89726,-29.92519
25,4.030344,-22.44048
14,-5.573543,-12.690873
23,-21.005664,0.536851
16,-14.449056,6.125347
42,36.088825,-37.954244
38,34.183359,-32.023314
42,37.425514,-30.43296
39,34.78626,-23.606686
31,27.745994,-15.307967
33,30.000698,-12.716387
31,27.493454,-7.852305
24,21.591977,-3.418687
22,19.771029,-0.874524
23,20.738753,1.518118
20,18.170079,3.453184
19,17.491541,5.201576
17,15.2668,5.858641
