5598,5037.968806,-4991.08891
6083,-5474.447949,2495.533052
109,-28.451204,32.814603
115,-30.060796,34.437328
96,-25.370169,28.815421
39,-31.091263,34.931141
7,-3.522083,5.990895
125,37.439495,-37.425029
123,37.044567,-36.637111
110,33.119577,-32.463292
130,38.892823,-37.817986
118,35.404101,-34.170161
131,39.32781,-37.696024
107,32.132697,-30.607955
115,34.4416,-32.624843
123,36.794938,-34.652341
43,12.795711,-12.002771
122,36.649688,-34.412403
141,42.379949,-40.027763
118,35.27061,-33.626042
95,28.494881,-27.530595
42,38.006118,-37.952478
17,9.532313,-15.331323
104,-31.276045,25.169209
118,-35.49246,30.759961
104,-31.058761,27.654704
117,-35.078248,31.77246
128,-38.450868,35.335452
109,-32.755765,30.455639
114,-34.17252,32.084017
118,-35.260607,33.417956
120,-36.020207,34.4553
122,-36.45111,35.194524
122,-36.552626,35.634825
121,-36.323504,35.776206
30,-9.006158,8.931184
140,-42.057232,42.073792
100,-29.536935,29.993701
130,-37.55023,38.907492
106,-29.561159,31.651221
113,-29.653091,33.995905
21,-12.78344,19.021745
32,9.653974,-1.565555
86,25.696929,-18.601358
102,30.649699,-25.158595
112,33.452557,-28.977188
133,39.882366,-35.804799
100,30.067143,-27.660152
138,41.400802,-38.83985
120,36.108756,-34.485918
96,28.790614,-27.857885
135,40.626518,-39.804702
35,10.551521,-10.426739
134,40.113276,-39.528566
118,35.369116,-34.491459
126,37.698669,-36.216363
102,30.65536,-28.774609
39,34.922649,-31.15859
24,21.643517,-13.132783
91,-18.38709,27.234764
120,-29.633844,36.117561
119,-30.719941,35.800053
117,-30.863071,35.193421
105,-27.981877,31.485197
114,-30.789981,34.308584
123,-33.490162,37.005608
132,-36.083082,39.576441
104,-28.699795,31.293657
146,-40.364787,43.77248
114,-31.789878,34.296471
118,-33.040586,35.495343
0,0.0,0.0
152,-42.128272,45.456909
102,-28.052367,30.658759
121,-32.788892,36.382
104,-27.642948,31.337826
126,-32.12185,37.775335
34,-23.872582,30.488026
21,-6.713091,19.230492
113,34.025718,-25.068517
117,35.222973,-31.179835
128,38.51985,-35.929968
99,29.7163,-28.499541
138,41.457801,-40.567934
122,36.460659,-36.291544
98,29.184895,-29.39409
140,41.26687,-42.016195
112,32.649108,-33.578251
118,34.049424,-35.304792
123,35.400227,-36.991439
129,36.702296,-38.638217
44,12.515138,-13.238463
127,36.126336,-37.959405
113,32.902001,-33.988974
131,38.934219,-39.334533
111,33.405751,-32.737149
114,34.183667,-32.046696
38,34.212264,-29.231973
26,23.712718,-11.535177
89,-14.081614,26.773212
128,-29.968283,38.46329
103,-26.597089,31.014695
119,-32.333665,35.724041
133,-37.816092,39.895268
115,-34.033091,34.565238
124,-37.257168,36.635066
100,-29.983365,28.681012
142,-42.597429,39.64956
113,-33.842803,30.663183
118,-35.405413,31.349733
123,-36.910801,31.94418
128,-38.356559,32.450936
44,-13.096062,10.915118
125,-37.434511,31.08337
111,-33.36126,27.67664
128,-38.379627,31.746233
106,-31.699695,26.04536
119,-35.724596,28.86357
35,-31.90485,23.523234
105,26.418263,-31.645466
123,36.711355,-36.802094
118,35.400872,-34.931764
113,33.791679,-33.186742
123,37.034748,-36.341226
105,31.548884,-30.997914
138,41.320744,-40.722773
114,34.181024,-33.840161
116,34.840381,-34.680334
118,35.186367,-35.261888
119,35.219639,-35.585891
59,17.524776,-17.834201
140,40.652268,-42.014964
100,28.185649,-29.891295
129,35.164264,-38.553131
118,30.420851,-35.293401
33,22.692271,-29.718467
9,-3.925242,-7.998723
115,-34.508174,28.828317
136,-40.845671,38.996144
107,-32.092228,32.206491
128,-37.028478,38.302371
117,-33.104617,35.070974
130,-36.131714,39.042653
106,-29.042614,31.908958
114,-30.671384,34.177815
122,-32.262533,36.463311
129,-33.811831,38.766733
137,-35.314478,41.089546
47,-12.096583,14.216281
137,-34.943566,40.971393
123,-31.833523,36.89613
110,-28.81048,32.916939
126,-33.848074,37.870276
104,-28.7846,31.211322
116,-34.00851,34.866651
37,-33.283743,28.314823
12,-3.376055,-10.375899
102,18.720707,-30.699544
93,19.818745,-27.817748
113,25.825926,-33.89677
104,24.84269,-31.185651
115,28.433811,-34.5502
126,31.90121,-37.684832
101,26.123143,-30.183433
142,37.651349,-42.622182
112,30.276653,-33.625898
116,31.955482,-34.941767
121,33.571504,-36.161488
124,35.123669,-37.284319
128,36.611245,-38.309142
87,25.20185,-26.059688
44,12.832004,-13.174719
125,36.747612,-37.482252
145,43.008421,-43.384881
93,27.937886,-27.803151
129,38.740603,-37.794287
115,34.371329,-32.171732
34,30.827084,-25.00615
14,-1.760258,12.29846
106,-23.356571,31.815948
115,-27.856642,34.642876
116,-29.147557,34.845344
106,-27.162964,31.664189
133,-35.098503,40.008386
114,-30.600388,34.122899
113,-31.167039,34.023512
132,-37.279825,39.629976
104,-30.244229,31.140795
39,-11.739036,11.794326
132,-38.337746,39.714289
36,-26.732547,32.13719
18,-3.332701,15.9148
77,23.019769,-9.544153
98,29.477478,-19.002448
110,32.896841,-24.155478
125,37.488054,-30.016262
118,35.278683,-30.362396
121,36.446935,-33.571025
105,31.353698,-30.888323
127,35.778247,-37.983721
75,19.683119,-22.428048
122,32.833367,-36.493262
114,34.273182,-33.876291
120,35.923376,-30.102488
33,29.520778,-17.292801
12,10.365526,5.528582
31,-15.246275,28.310072
121,-29.97195,36.238033
124,-35.750565,37.285327
109,-32.790903,31.621066
131,-39.234811,35.883451
121,-36.261199,31.856897
101,-30.153673,25.780255
148,-44.285851,36.964145
39,-11.817607,9.714555
148,-44.32969,36.156372
96,-28.712091,23.169978
108,-32.486021,25.853094
123,-36.942392,28.561734
34,-30.987797,21.833955
25,16.022472,-22.062368
128,38.528746,-34.867633
114,34.239312,-29.288835
110,32.870004,-27.109785
121,36.171077,-28.832956
130,38.875602,-29.858582
109,32.65057,-24.150822
112,33.703911,-23.989538
115,34.460934,-23.459337
87,26.166143,-17.022957
117,35.083083,-21.635105
88,26.301975,-15.224016
87,26.160622,-14.18791
105,31.466777,-15.954438
102,30.671828,-14.351837
85,25.410412,-10.417399
21,19.301063,-3.263364
88,-26.458158,8.646748
61,-18.207779,-1.603999
36,-10.802079,-8.180258
46,-4.394094,-13.710218
57,1.234993,-17.247154
78,6.875984,-23.443595
79,10.312838,-23.79497
96,15.209675,-28.759655
114,20.677474,-34.177624
98,19.438951,-29.46447
110,23.074298,-32.965316
39,8.540533,-11.800386
114,25.403066,-34.279724
135,31.101083,-40.421671
115,27.864422,-34.62791
97,24.58222,-29.084695
112,30.687511,-33.744023
39,34.778684,-31.698803
17,15.487119,-1.548992
73,-6.396327,21.771738
80,-12.523417,24.050462
103,-18.965948,30.770282
122,-25.301336,36.680707
115,-25.869788,34.48572
99,-23.808623,29.806497
132,-33.640708,39.628773
111,-30.014316,33.307142
115,-32.772617,34.481693
118,-35.532704,35.435505
128,-38.292634,36.182558
0,0.0,0.0
125,-37.457905,34.024541
136,-40.705355,35.763375
114,-34.092419,28.53752
108,-32.452234,25.146392
33,-29.450224,18.966887
18,-16.00969,1.042953
72,8.510736,-21.741544
104,21.541141,-31.272617
121,28.884939,-36.431227
124,31.758963,-37.304148
117,31.11987,-34.971287
127,35.118511,-38.175277
109,30.825579,-32.638103
114,33.129572,-34.327683
120,35.319206,-35.852578
125,37.394394,-37.209385
131,39.355437,-38.39405
0,0.0,0.0
127,37.980745,-36.984358
111,33.402909,-33.112237
120,35.445412,-35.971755
117,33.499586,-35.248499
41,32.352763,-36.718273
19,7.103977,-17.447149
115,-34.46677,27.084288
116,-34.915904,31.663683
127,-38.214879,36.407683
125,-37.480133,36.848031
112,-33.553481,33.72175
125,-36.630551,37.479988
102,-29.436468,30.568767
147,-41.788271,44.027075
118,-33.189375,35.465832
125,-34.722154,37.557516
87,-23.975461,26.19876
137,-37.165835,41.036931
0,0.0,0.0
130,-35.132607,39.036844
110,-29.848348,33.144894
118,-32.077357,35.530716
40,-32.935102,36.135815
11,-9.932402,6.638981
113,27.45066,-34.037714
119,29.116738,-35.605539
115,28.167042,-34.376295
124,30.423155,-37.202444
103,25.144271,-30.881653
104,25.180535,-31.120962
127,30.563837,-38.173849
97,22.94609,-29.105611
111,25.749918,-33.443347
96,21.314544,-28.903713
89,17.934864,-26.770002
58,7.59344,-17.340442
6,-0.930066,-1.716318
38,-11.446802,1.22514
69,-20.84919,12.011837
30,-27.310325,20.762213
3,1.594399,-2.348835
126,37.691611,-34.723087
118,35.417936,-32.957524
126,37.865264,-35.437291
121,36.232038,-34.04474
103,30.860019,-29.07649
154,46.331381,-43.760775
85,25.482341,-24.113333
90,27.082838,-25.657019
133,39.912281,-37.812106
120,36.105898,-34.165668
108,32.390105,-30.603722
125,37.563376,-35.407653
127,38.218972,-35.856743
112,33.605915,-31.190897
34,30.269401,-26.11364
112,-29.374742,33.749308
122,-34.2321,36.716049
137,-38.487285,41.103791
107,-29.954342,32.036297
118,-33.128996,35.541983
130,-36.076324,38.875524
104,-28.853186,31.241036
148,-40.678894,44.296828
117,-32.03626,35.111228
122,-33.233227,36.650823
84,-22.77003,25.254246
130,-35.00019,39.05985
135,-35.921018,40.412078
92,-24.406329,27.658508
0,0.0,0.0
130,-34.080752,38.993936
111,-28.701058,33.357651
121,-30.385216,36.192979
110,-26.239043,32.860808
30,-17.83688,27.020041
25,22.588351,-10.911862
126,37.652142,-32.028624
121,36.43466,-32.758476
113,34.040982,-31.213889
120,36.095388,-33.391496
123,36.940789,-34.274476
122,36.576926,-33.863612
117,35.003424,-32.159852
107,32.220173,-29.164306
127,38.130258,-33.340595
36,32.197369,-24.831828
22,6.566768,-2.739469
76,22.8998,-8.10181
102,30.565432,-18.756248
117,35.155205,-27.074356
38,34.536089,-33.084823
112,26.750685,-33.622385
95,15.668838,-28.427816
73,6.970266,-21.796267
60,1.633731,-17.854398
46,-2.072853,-13.873837
34,-4.090994,-10.173258
30,-6.380981,-9.113612
21,-6.351472,-5.992446
8,-2.423201,-1.81474
32,-9.611631,-5.380139
30,-8.907613,-2.375432
14,-12.196158,1.018169
27,-24.338379,18.908112
73,-10.873389,21.839955
49,-2.902632,14.794473
40,0.434429,12.100737
30,2.621918,9.040808
29,6.039502,8.824977
31,9.342097,5.709336
42,12.748013,1.563115
54,16.214189,-3.678512
30,27.073589,-15.04011
127,38.045068,-33.935457
17,4.736638,-5.042424
39,34.218145,-35.329936
23,21.095599,-10.386396
95,-15.019072,28.49755
114,-21.845686,34.160858
107,-21.692591,32.045062
100,-21.024397,30.122163
123,-26.487091,37.005151
108,-23.681491,32.306158
124,-27.92609,37.133848
117,-27.354877,35.195731
120,-29.379751,36.049521
40,-10.235344,11.966579
39,-25.466903,35.152878
14,12.637978,5.20428
109,32.559728,-22.980925
120,35.909446,-34.239341
122,31.402927,-36.700955
111,23.876191,-33.211551
122,22.115405,-36.681872
93,14.108167,-27.968226
97,12.276007,-29.128054
80,8.268445,-23.920419
81,6.711639,-24.262271
61,3.922546,-18.289216
20,1.08446,-6.093795
73,3.962036,-21.884254
57,3.528723,-17.208255
22,4.646812,-19.971366
6,-1.069956,1.84576
69,-7.003028,20.667701
72,-7.762778,21.521647
86,-9.937762,25.932046
82,-9.982684,24.457265
89,-11.58931,26.56737
94,-13.278764,28.200316
98,-15.076951,29.331737
100,-17.008246,29.942988
100,-19.093384,30.023582
118,-25.902682,35.388082
113,-29.451573,33.849512
54,-16.148744,16.085306
124,-37.240319,33.720702
126,-37.932937,31.182574
106,-31.769675,23.468574
37,-33.288855,20.91267
10,0.781527,-9.396779
126,37.747329,-26.876878
107,32.243213,-20.348165
112,33.694268,-19.810798
106,31.679799,-17.568307
89,26.642241,-14.087939
97,29.207698,-14.788448
106,31.8624,-15.402091
115,34.610256,-15.914344
82,24.647981,-10.836833
43,12.807474,-5.472257
121,36.231014,-14.520673
103,31.037862,-10.876712
87,26.098608,-7.580281
71,21.415519,-4.613906
72,21.715781,-2.076464
21,19.175946,4.217661
24,1.445491,21.353112
39,-32.156755,35.034561
110,-32.949696,23.874022
128,-38.482129,22.000572
96,-28.900689,13.147804
95,-28.588017,9.945664
90,-26.943922,5.793085
80,-23.953051,0.673399
54,-16.094033,-3.810055
42,-12.603637,-8.233466
44,-8.402549,-13.181777
62,-3.485129,-18.664518
60,1.046983,-17.923274
99,6.858672,-29.573645
0,0.0,0.0
102,9.868286,-30.624521
67,6.93506,-19.997415
93,10.567478,-28.041407
85,10.924609,-25.580687
31,15.934071,-27.875905
35,10.565333,6.039245
58,0.703772,17.396702
59,-0.610724,17.789406
71,-1.33269,21.202113
66,-1.508105,19.837747
71,-1.750318,21.42096
75,-1.894705,22.624818
62,-1.563509,18.702218
79,-1.956499,23.788278
80,-1.909323,23.851082
47,-1.106571,14.160696
80,0.200771,24.10124
55,4.253908,16.608401
42,11.736439,12.690156
25,22.241377,-2.338498
36,26.544909,-32.722547
75,0.345463,-22.535377
47,-10.050311,-13.995929
49,-14.607993,-7.500189
72,-21.607151,-3.720163
62,-18.709328,0.182337
75,-22.443822,2.720687
88,-26.427352,5.620577
75,-22.584404,6.341671
0,0.0,0.0
96,-28.693216,8.209333
77,-22.968386,5.284057
72,-21.526204,2.905333
56,-16.747547,-1.150075
33,-10.005384,-7.522318
60,2.459199,-18.096884
11,4.188535,-9.921397
129,-37.063131,38.697159
118,-35.360621,35.462027
102,-30.671343,30.19139
123,-36.96784,35.932005
107,-32.177068,30.979125
137,-41.097444,39.112126
109,-32.55855,30.334767
38,-34.102028,30.392896
20,-18.2466,7.205751
122,29.835625,-36.499126
126,33.871996,-37.892842
104,28.751863,-31.122673
133,37.714656,-39.854376
113,32.766668,-33.851047
110,32.762065,-33.112056
126,37.694507,-37.014913
114,34.056964,-32.025139
40,36.337695,-31.234712
28,25.140219,-12.915826
3,0.501581,0.946509
72,-4.516198,21.696829
34,-17.674254,30.16506
33,-28.6702,29.859699
68,3.319576,-20.429063
100,15.336066,-30.06758
90,15.652935,-26.985582
113,21.040243,-33.980382
109,21.12814,-32.603331
93,18.566462,-27.802729
103,21.055181,-30.807791
113,23.688267,-33.931441
124,26.4686,-37.172082
0,0.0,0.0
122,26.344026,-36.539604
107,23.261466,-32.090976
93,20.256513,-27.840999
125,27.323115,-37.486557
90,19.671746,-27.107949
31,19.070655,-27.838329
120,-31.441061,35.987085
107,-26.447493,32.237198
130,-31.823661,39.113005
103,-25.088986,30.929029
108,-26.367172,32.508038
133,-32.489343,39.95207
110,-27.095219,33.122271
107,-26.501022,32.093498
120,-30.221244,35.998276
90,-23.212924,26.939626
129,-34.566925,38.600862
112,-32.008378,33.484494
39,-35.061401,33.347631
95,-16.865204,28.462613
86,-12.128908,25.661679
87,-12.018865,26.00639
96,-13.169447,28.802465
57,-7.693376,16.963983
102,-14.310525,30.711708
30,-14.336608,26.70778
25,-22.109892,15.110317
29,-8.651451,-7.62638
31,-9.170339,-8.110466
42,-12.483142,-4.374616
20,-17.882216,3.944359
36,-32.395321,22.588055
127,-37.731811,38.233068
102,-26.125936,30.693383
100,-23.80168,30.096611
121,-27.143585,36.180977
106,-22.206196,31.903433
31,-15.479268,27.772085
11,10.153499,5.790946
111,33.208199,-23.047987
33,29.737038,-20.36485
129,-32.225348,38.751755
111,-30.22246,33.359805
71,-19.600842,21.400582
133,-36.850807,39.912302
107,-30.304882,32.068801
34,-30.350537,25.066427
86,10.657395,-25.932285
86,9.954393,-25.694081
55,0.896129,-16.574796
35,-10.503098,-5.225492
74,-22.208818,7.213937
89,-26.660656,14.939547
100,-29.883777,19.891038
0,0.0,0.0
113,-33.962721,22.57016
83,-25.019292,13.372962
45,-13.512651,0.898054
53,3.596701,-15.773733
95,18.177067,-28.470742
25,13.841224,-22.578908
117,-35.025633,34.892322
138,-40.150804,41.452905
108,-31.106105,32.28742
131,-37.705397,39.213719
114,-32.926319,34.279108
0,0.0,0.0
152,-43.973401,45.662384
101,-29.495688,30.445279
119,-34.799694,35.653009
123,-36.424312,36.850156
112,-33.692002,33.314186
37,-33.050374,30.477974
19,7.501523,-16.945011
114,28.523647,-34.076501
117,30.691772,-35.172311
117,31.323688,-35.177188
134,36.284481,-40.183188
118,32.431312,-35.544733
95,26.224114,-28.537836
135,37.394862,-40.430358
107,29.79607,-32.021951
149,41.954587,-44.835756
117,33.062373,-35.145926
121,34.367278,-36.374485
83,23.608053,-24.899487
0,0.0,0.0
152,43.125604,-45.717954
95,26.485966,-28.481581
124,33.714022,-37.094007
35,27.214541,-31.940386
7,-1.419317,-6.723866
106,-31.796212,27.153517
124,-37.197948,34.41443
126,-37.93834,36.258293
115,-34.363852,33.535216
119,-35.630071,35.382734
120,-35.736857,36.133503
119,-34.679675,35.79023
115,-32.453249,34.357787
126,-34.349811,37.815878
108,-27.407492,32.345731
84,-18.406609,25.053965
31,-5.180413,9.233309
65,-9.812388,19.488997
78,-13.603304,23.383095
87,-17.449777,26.181422
35,-24.9996,31.693807
36,-32.130149,29.984603
64,-19.344141,8.320579
29,-8.722475,-3.119121
20,-3.12956,-5.945888
31,-0.95176,-9.250021
42,1.58533,-12.72014
31,2.330154,-9.357237
48,4.90183,-14.542146
42,5.146235,-12.482497
46,6.517677,-13.850491
0,0.0,0.0
47,7.540564,-14.126703
59,10.745882,-17.582488
54,11.126406,-16.16632
61,13.841169,-18.171089
27,20.431693,-23.993113
29,26.510743,-25.219873
12,1.469975,3.728256
45,-8.087409,13.48378
65,-13.924905,19.545676
75,-17.122698,22.360616
94,-22.638612,28.208479
90,-22.411416,26.968202
103,-26.516924,31.028157
117,-30.892981,35.217517
97,-26.208959,29.237893
143,-39.226348,42.849688
117,-32.789471,35.105109
126,-35.815761,37.709308
89,-25.62024,26.61425
0,0.0,0.0
130,-37.658919,39.05217
119,-34.035648,35.573406
141,-39.895006,42.152571
93,-25.920226,27.755466
130,-35.840131,39.138058
102,-26.995439,30.5479
35,-25.828338,31.905141
14,-3.411769,12.155891
99,29.683898,-21.130307
114,34.063326,-29.068683
125,37.53813,-33.722796
122,36.610083,-33.860497
108,32.476076,-30.61307
117,35.080834,-33.559196
125,37.47591,-36.33373
132,39.663144,-38.937412
104,31.058839,-30.809268
107,32.087322,-32.106331
149,44.23568,-44.702217
116,34.156845,-34.854019
0,0.0,0.0
145,42.143112,-43.352154
120,34.606354,-35.93249
96,27.512386,-28.90525
39,32.408467,-34.850632
7,1.54738,-6.248122
125,-36.93982,37.414642
126,-35.665172,37.772846
127,-34.866775,38.139916
116,-30.891531,34.845039
98,-25.254304,29.338935
126,-31.461651,37.87909
103,-24.493912,30.811742
103,-23.360249,30.865842
102,-21.725794,30.560799
100,-19.581968,29.905649
96,-16.919785,28.910887
69,-10.625751,20.832833
23,-3.104259,6.755786
85,-11.806503,25.392913
92,-14.323412,27.66176
90,-16.410529,27.148842
36,-26.661971,32.845618
26,-23.735905,11.188339
35,-3.354054,-10.619944
66,6.160081,-19.673942
96,16.330051,-28.916999
92,19.748991,-27.579537
128,31.953518,-38.407586
127,35.606411,-38.139103
120,35.850025,-35.355601
110,32.941179,-30.540578
123,36.90866,-32.456657
67,19.998198,-16.91317
128,38.412546,-31.782343
111,33.244967,-26.945604
115,34.531773,-27.180614
105,31.545114,-23.583518
31,28.196082,-18.243558
19,-5.847886,17.456555
120,-34.853774,35.986021
120,-36.119118,34.519296
126,-37.902869,34.939838
120,-36.071819,32.479715
105,-31.568847,27.965259
142,-42.586013,37.180871
121,-36.370909,31.338945
95,-28.513645,24.335548
132,-39.532899,33.43652
102,-30.694426,25.738558
105,-31.51089,26.236642
128,-38.513872,31.52298
103,-30.914281,24.443189
112,-33.527557,24.868799
27,-24.124051,14.715508
17,4.430688,-15.083605
38,34.041267,-30.724845
74,22.174379,-10.128553
23,6.106193,6.874066
59,-2.619131,17.731816
64,-6.766985,19.212951
87,-11.399935,26.002275
81,-11.888246,24.411
97,-14.966577,28.97363
73,-11.777611,22.008462
81,-13.275869,24.273269
136,-22.82298,40.863934
50,-8.404365,14.856477
145,-24.762602,43.362198
88,-15.388881,26.528674
82,-14.548958,24.64861
112,-20.335944,33.501005
98,-18.648999,29.418394
110,-22.385319,33.057446
41,-28.513188,36.943819
35,-31.638733,29.045699
63,-19.019971,-0.73795
50,-2.725227,-15.003505
66,3.008438,-19.838006
86,7.999284,-25.830288
82,10.089948,-24.567001
92,13.427081,-27.708072
102,16.793009,-30.556788
82,14.807828,-24.616533
116,22.682726,-34.866355
92,19.197764,-27.535763
128,28.470497,-38.350008
99,23.472297,-29.845762
137,34.061325,-41.027878
105,27.574447,-31.550308
107,29.273408,-32.090187
108,30.937646,-32.510161
137,39.942567,-41.240264
122,35.189462,-36.633137
107,30.51462,-32.108913
113,31.689344,-33.898571
120,32.595501,-36.096385
36,25.071674,-32.164212
23,-20.490705,9.826183
110,-33.11477,26.713824
137,-40.967063,35.023629
120,-35.858871,31.444904
108,-32.522165,28.903231
119,-35.842212,32.155048
130,-39.080116,35.333708
105,-31.38551,28.542165
110,-33.125883,30.257882
116,-34.831533,31.942479
122,-36.502442,33.595853
127,-38.138592,35.217894
88,-26.317529,24.364202
124,-37.167029,34.607967
137,-41.063426,38.720561
107,-31.959364,30.684144
40,-35.988153,35.881195
12,-3.842315,10.401648
112,33.504183,-27.993059
126,37.663537,-33.689714
125,37.410897,-34.848231
110,33.090616,-31.921541
112,33.464898,-33.472688
136,38.866311,-40.803387
111,29.845802,-33.346373
106,26.227825,-31.650456
96,21.4183,-28.892285
83,15.45794,-25.027373
55,7.334057,-16.457623
42,2.280812,-12.607156
0,0.0,0.0
35,0.459846,-10.415581
34,1.969262,-10.233498
41,4.048816,-12.316189
46,6.326208,-13.669349
19,10.296651,-16.980574
12,10.988858,-10.207737
60,-10.008403,17.913603
66,-12.551542,19.880429
59,-11.495518,17.601198
91,-18.202561,27.356365
65,-13.092765,19.468453
99,-20.130322,29.753435
84,-17.185519,25.306069
93,-19.042198,27.992863
67,-13.754463,20.208906
109,-22.260987,32.714717
78,-15.948663,23.457491
83,-16.851432,24.812735
133,-26.998091,39.829012
0,0.0,0.0
131,-26.08451,39.155625
79,-15.289473,23.621927
106,-19.957891,31.806232
92,-16.585919,27.573839
78,-13.428136,23.480291
84,-13.341295,25.187056
74,-9.971647,22.140871
18,-0.585085,15.835362
37,33.70589,-31.947409
117,28.356711,-35.009923
126,28.907845,-37.911743
95,21.168706,-28.607072
129,28.138569,-38.787214
110,23.534737,-32.950068
85,18.074755,-25.561276
116,24.448628,-34.880751
88,18.448093,-26.532786
118,24.521411,-35.540135
89,18.177188,-26.550278
88,17.856484,-26.265923
114,23.090936,-34.276884
83,16.612166,-24.923454
0,0.0,0.0
103,20.720411,-31.027011
92,18.746351,-27.729748
82,16.692437,-24.481838
87,17.873091,-26.104374
83,16.91214,-24.83519
25,14.605095,-22.303288
5,-2.946308,-4.752196
116,-33.079919,34.895348
122,-32.901532,36.598558
116,-30.89267,34.939356
113,-29.774278,33.991637
128,-33.400606,38.402876
113,-29.304345,33.885271
91,-23.470623,27.252371
129,-33.264327,38.77936
68,-17.469225,20.433594
132,-33.516913,39.52435
118,-29.639744,35.498725
105,-25.875487,31.546769
92,-22.223902,27.66836
115,-26.734094,34.39114
99,-21.62285,29.632723
27,-14.499381,24.646885
25,22.611762,-13.868387
130,38.981982,-39.148656
120,33.724859,-36.147755
125,34.044631,-37.568984
119,31.804362,-35.751912
105,27.593623,-31.400262
113,29.433324,-33.80157
120,31.209836,-36.121677
31,8.072881,-9.383279
117,30.535556,-35.079933
121,32.692346,-36.405206
126,35.817847,-37.836139
36,32.022019,-29.542517
11,10.300012,1.447878
79,-12.307054,23.605914
96,-18.65963,28.776485
103,-21.760335,30.950559
99,-21.893918,29.654315
109,-25.080483,32.699026
118,-28.063349,35.302685
125,-30.855413,37.463338
131,-33.468655,39.181021
108,-28.542888,32.285303
110,-30.02466,32.879064
139,-39.491728,41.598222
0,0.0,0.0
131,-37.455656,39.254364
114,-31.413771,34.275242
115,-29.968906,34.584404
117,-27.360269,35.073129
31,-15.433095,27.812902
14,12.225622,2.741215
112,33.571459,-22.917202
121,36.440224,-31.106504
132,39.461071,-37.164039
107,32.213928,-32.222164
123,35.372861,-36.949087
110,30.466063,-32.960318
120,32.313564,-35.980519
130,34.096301,-38.996337
104,26.708209,-31.222435
36,9.115012,-10.782968
133,33.329612,-39.961166
110,26.912625,-33.116057
108,25.227554,-32.332866
36,22.790491,-32.497963
11,-9.639667,-2.865897
120,-36.099366,35.242833
129,-34.803311,38.558013
113,-28.38475,34.009147
123,-28.625707,36.982145
107,-22.90132,32.201311
109,-21.042095,32.713394
87,-14.85837,26.080684
85,-12.568497,25.631542
83,-9.778373,24.851388
79,-6.481501,23.750754
74,-2.67196,22.34163
18,-0.012171,5.330352
69,-0.219224,20.661817
66,-1.662929,19.696153
77,-4.077077,23.093215
84,-7.702422,25.240376
32,-14.625743,29.078972
37,-29.562374,33.058786
108,-32.391366,18.600026
83,-24.803859,6.299189
71,-21.331338,0.443847
57,-17.231995,-3.426909
44,-13.140311,-5.57087
39,-11.643804,-8.069991
28,-7.994792,-8.279347
33,-6.623459,-9.923922
49,-6.078372,-14.757422
46,-2.889501,-13.725023
25,-0.728759,-7.514025
60,0.263665,-17.962578
51,2.727604,-15.336308
28,11.770336,-25.017679
27,24.313872,-15.476405
39,11.670575,3.578518
29,6.880188,8.648555
46,3.946984,13.878906
54,0.302459,16.083584
66,-3.243779,19.93133
79,-7.503729,23.728696
91,-12.522985,27.449596
104,-18.342563,31.07835
115,-24.99515,34.613568
62,-15.258641,18.60721
124,-31.893293,37.124796
39,-31.186841,35.44114
85,25.537161,-21.699474
119,35.807618,-23.404312
77,23.200078,-6.089443
51,15.257515,5.525021
41,8.404057,12.336114
56,4.511683,16.766947
61,1.760287,18.248871
18,0.166294,5.288987
80,2.377905,23.854137
48,4.187399,14.515865
50,9.170422,14.862664
52,15.699688,8.510917
28,25.518262,-6.426413
37,25.696058,-33.361625
79,1.645954,-23.819274
50,-7.626209,-14.879037
45,-13.528259,-9.893896
56,-16.884627,-5.27036
75,-22.537096,-1.771477
75,-22.448142,1.614125
89,-26.664674,4.739772
76,-22.926736,5.849527
85,-25.562649,8.00882
30,-9.126293,3.179692
113,-33.830331,11.83979
71,-21.218061,7.065293
77,-23.091561,7.083795
81,-24.333132,5.887817
17,-15.290908,-0.137808
29,22.793196,-25.781106
111,33.409315,-20.926487
93,27.881091,-14.964906
104,31.115089,-14.742993
92,27.634041,-11.476405
76,22.782802,-8.284839
96,28.809544,-8.814646
76,22.930344,-5.511863
75,22.485264,-3.876653
72,21.724147,-2.002043
69,20.645403,0.105169
64,19.247288,2.437758
30,8.999049,2.161986
72,21.476279,5.068805
55,16.434898,2.399062
77,23.167073,0.876452
81,24.426975,-3.003574
33,29.338969,-11.444531
35,30.287855,-31.384413
107,11.034728,-32.125771
79,1.991429,-23.608451
73,-1.39407,-21.754584
63,-3.320768,-18.944768
65,-5.249471,-19.466702
53,-5.560832,-15.803271
53,-6.744073,-15.881862
40,-5.817757,-11.890546
52,-8.745231,-15.72655
39,-7.281814,-11.62935
13,-2.562014,-3.834032
50,-8.683583,-15.131122
37,-4.403585,-11.147334
49,-3.299696,-14.595407
59,-0.389405,-17.78936
69,4.329448,-20.587022
32,14.615116,-28.91595
37,30.905838,-33.408739
108,32.499189,-21.44942
83,24.99088,-10.433255
74,22.243752,-5.301886
63,18.789187,-1.484894
63,18.769277,1.481687
50,14.850391,3.510247
49,14.583247,5.73139
36,10.696813,5.84072
46,13.856101,9.954353
33,10.029878,9.164359
36,9.670709,10.681675
41,9.268095,12.252544
58,10.73275,17.345905
43,6.329545,12.834303
56,6.231135,16.694042
66,4.417159,19.902564
73,0.732109,21.988341
28,-5.840304,25.204659
35,-26.799066,31.071366
99,-29.633311,6.320267
59,-17.690995,-5.095586
47,-14.026969,-9.9963
42,-10.160105,-12.541651
55,-8.167777,-16.56992
54,-4.714312,-16.285537
64,-2.775427,-19.088487
73,-0.53861,-21.996317
62,1.243324,-18.470584
91,4.092663,-27.348222
24,1.488804,-7.334865
92,5.633453,-27.483183
77,4.216608,-23.119296
63,2.820045,-18.987946
61,1.625571,-18.271387
54,-1.039726,-16.152875
16,-14.261259,-1.223895
106,-20.604073,31.857715
96,-12.284262,28.927778
86,-8.285708,25.824518
63,-4.697119,18.898225
84,-4.566688,25.260039
71,-2.343788,21.347327
74,-0.940031,22.213129
57,0.350453,17.148781
58,1.360121,17.507642
59,2.464226,17.813533
60,3.662435,18.067565
61,4.954125,18.270827
0,0.0,0.0
57,6.084938,16.952509
61,9.275816,18.424379
47,10.187933,13.996792
36,10.6891,9.966404
54,16.171603,8.300416
27,24.653021,-0.275104
29,25.251878,-26.067811
51,-10.164422,-15.295617
84,-25.19691,1.050601
107,-31.993598,11.622931
101,-30.347989,15.727642
124,-37.182869,23.01422
117,-35.018944,24.304822
133,-39.994683,30.073673
111,-33.419552,26.633288
0,0.0,0.0
143,-42.758995,35.151552
118,-35.468187,29.791456
116,-34.849622,30.250531
32,-29.204711,27.023027
36,-23.042712,32.395279
85,25.50015,-2.794452
95,28.361568,-8.375269
92,27.582837,-7.209285
86,25.657697,-3.58171
66,19.751038,3.258759
53,10.219313,15.772727
94,-5.953987,28.226497
15,-1.94663,4.631547
37,-14.465948,33.338401
9,7.926202,5.351541
115,33.22658,-34.556074
118,35.526301,-32.070311
118,35.403526,-27.147459
120,36.015375,-23.115038
115,34.597167,-18.220292
105,31.470474,-13.35655
113,33.902724,-11.101023
96,28.911361,-6.865425
102,30.549243,-4.736525
0,0.0,0.0
99,29.55374,-2.962221
106,31.921339,-2.25845
89,26.581456,-1.06974
84,25.220796,-0.30814
28,25.161692,0.117965
13,3.53627,-11.819668
56,-16.922031,-14.027324
50,-14.902476,-13.542279
47,-14.04251,-14.211698
57,-15.060699,-17.125469
53,-12.476679,-15.95213
60,-12.592327,-18.076608
50,-9.366148,-15.017959
54,-9.174291,-16.320191
59,-8.865752,-17.666671
64,-8.436493,-19.056389
22,-2.695317,-6.668281
61,-7.876599,-18.410673
64,-10.227979,-19.137366
45,-10.007247,-13.470457
41,-12.26032,-9.688381
24,-21.207095,-0.413154
35,-28.452011,31.821666
99,-11.658475,29.658616
98,-6.092503,29.443091
72,-1.4701,21.725085
85,1.895359,25.544497
66,4.953903,19.886684
59,8.280213,17.729059
49,11.813252,14.730995
52,15.520714,10.880539
65,19.374857,6.165127
78,23.355204,0.572126
92,27.451089,-5.910711
109,32.68774,-9.89657
103,30.989202,-8.024875
34,30.332479,-5.300104
16,0.933943,14.00399
120,-35.95359,18.117302
118,-35.489402,15.31218
105,-31.517809,12.794447
122,-36.74815,14.405467
111,-33.211889,12.735891
91,-27.154293,10.290413
131,-39.221302,14.751233
106,-31.689875,11.872256
112,-33.647048,12.599875
119,-35.609145,13.361748
83,-24.830804,9.349438
130,-38.883398,14.716259
0,0.0,0.0
124,-37.218702,14.003181
107,-32.105629,11.76906
91,-27.261135,9.616526
98,-29.272713,9.642936
87,-26.098049,7.325318
24,-21.904556,-0.279603
111,33.403566,-23.222936
103,30.82743,-13.967564
103,30.939493,-11.136209
110,33.133465,-8.843146
75,22.391115,-3.918497
91,27.367186,-1.946819
69,20.732343,1.29636
79,23.572742,5.834227
54,16.324314,8.505259
45,13.487396,12.320207
55,10.112788,16.497313
70,6.202649,21.027613
41,1.468373,12.320864
103,1.73412,30.994416
76,0.773668,22.745982
86,0.402687,25.723696
89,0.005653,26.685241
94,0.019569,28.069317
28,2.704335,24.914181
31,28.103891,-12.889544
110,29.849457,-33.017645
113,29.727128,-33.878572
121,32.252337,-36.341771
119,32.196933,-35.563263
107,29.536733,-31.971524
117,33.124002,-35.148072
63,17.972689,-18.77763
119,33.681699,-35.804733
126,33.445013,-37.749239
101,24.565133,-30.270289
41,24.3677,-36.620306
13,-11.337691,-10.364186
111,-33.332989,30.26026
124,-30.611005,37.216137
118,-24.060651,35.46733
114,-19.520801,34.083778
126,-18.043999,37.88876
110,-12.722417,32.8639
117,-10.64539,34.988974
92,-6.30329,27.562604
128,-5.726994,38.42282
100,-1.981324,30.018648
103,0.270891,31.009863
71,1.554023,21.209827
36,1.216982,10.763291
100,4.397214,30.01366
84,4.847893,25.289725
89,6.86194,26.752284
77,8.745064,23.003178
20,17.709339,14.945733
120,15.642332,-35.8558
112,3.919716,-33.576772
93,0.956527,-27.873038
99,-0.732785,-29.743818
101,-2.587834,-30.403966
80,-3.540385,-23.985986
95,-6.463742,-28.548625
70,-6.974404,-20.943245
76,-11.236065,-22.807916
60,-14.36025,-17.957966
60,-17.863332,-11.935383
73,-21.766465,-4.752047
87,-26.07756,3.579868
110,-33.109785,10.252676
120,-35.894464,12.965326
108,-32.318955,13.605647
117,-35.219851,17.690304
39,-35.546634,24.11969
31,-9.878273,28.0938
77,23.00059,8.093241
90,26.885224,1.743183
85,25.551822,-0.519041
104,31.164155,-2.048138
97,29.165097,-2.759889
110,33.088739,-3.762091
60,18.062185,-2.255445
113,33.836226,-3.252914
92,27.456876,-0.530409
86,25.941636,2.532571
27,23.938056,9.653594
31,-3.489738,27.802139
121,-36.426861,21.839054
116,-34.945884,9.957549
98,-29.420471,3.384464
102,-30.553041,-1.21359
84,-25.245051,-5.242634
80,-24.098376,-9.712273
59,-17.837973,-11.386201
53,-16.036484,-14.934391
63,-13.74216,-18.795207
56,-8.497912,-16.820732
88,-8.506022,-26.317871
76,-3.974039,-22.834149
0,0.0,0.0
95,-3.837425,-28.517731
72,-3.974881,-21.464633
23,-6.328817,-20.52227
20,-17.681158,-2.378789
106,-10.596015,31.774247
91,-2.104391,27.23807
77,4.20275,23.230586
18,15.832659,12.310218
37,33.307354,-21.646798
121,28.501875,-36.307527
130,25.128475,-39.060457
134,23.346368,-40.093363
0,0.0,0.0
139,24.262922,-41.588507
121,22.848071,-36.425253
105,21.263162,-31.542134
129,28.623599,-38.76326
111,28.000708,-33.36468
35,31.268718,-30.029288
10,3.641478,8.97158
117,-35.084362,24.739703
123,-37.025826,18.319286
117,-35.19406,13.301907
90,-27.054179,8.244001
100,-29.937721,7.513528
81,-24.33744,5.049666
105,-31.394274,6.946216
91,-27.258538,7.856029
112,-33.461467,12.710132
35,-31.387525,16.997655
31,-18.920101,27.644701
81,24.371404,1.452017
105,31.390329,-10.321709
103,30.96571,-15.02873
123,36.957526,-22.20158
117,35.133594,-24.601147
130,38.878282,-30.692359
112,33.686691,-29.291646
120,35.904859,-33.798962
95,28.349686,-28.473676
141,39.662467,-42.354839
117,31.133193,-35.212007
0,0.0,0.0
147,38.734706,-44.223599
91,24.514806,-27.192655
116,32.725845,-34.813932
37,33.115374,-31.414462
14,5.582233,12.184952
127,-25.492303,37.999833
108,-24.79712,32.303876
124,-31.694679,37.232424
107,-31.75474,32.243839
38,-34.216262,24.85391
25,-22.44493,-4.510527
71,-1.958126,-21.438711
36,1.389135,-10.662586
100,6.089288,-29.974936
32,9.412767,-29.045715
25,22.201837,-14.685563
11,9.87189,5.887166
73,-3.726713,-22.001826
73,-3.710899,-21.970514
64,-2.993513,-19.27039
78,-3.260689,-23.308017
68,-2.510013,-20.285804
24,-0.829683,-7.315366
71,-1.48586,-21.37836
85,0.84306,-25.598201
75,3.656952,-22.553335
81,7.935233,-24.300855
38,21.818646,-34.06592
36,32.59744,-25.166673
101,30.32658,-11.831829
81,24.267338,-4.650422
83,24.899986,-1.489858
69,20.777859,0.84481
68,20.388871,2.430211
65,19.584592,3.692871
61,18.337923,4.602929
55,16.622806,5.132599
57,16.990509,6.288497
59,17.596294,8.174597
16,4.717177,3.092087
73,3.544977,21.998543
78,1.090203,23.276523
21,7.876652,19.286968
27,24.505359,0.322171
112,33.669204,-21.734524
117,35.186989,-31.376197
112,33.306801,-33.720709
119,32.812922,-35.561064
112,29.849253,-33.74031
129,33.282623,-38.758512
71,17.999475,-21.351895
138,34.052398,-41.319897
120,28.449777,-35.975703
103,23.088842,-30.817731
123,25.116755,-36.953188
37,17.026313,-32.894578
19,-7.625281,-16.894377
116,-34.941911,17.217061
111,-33.179245,24.194402
133,-39.996109,33.33353
106,-31.941408,28.855254
114,-34.146817,32.643568
120,-35.811022,36.060129
104,-29.478837,31.056275
138,-37.419755,41.26436
116,-30.041829,34.731459
120,-29.820118,36.051568
93,-22.041964,27.789593
31,-7.260935,9.390327
140,-31.922534,41.986042
107,-23.872554,32.228534
40,-24.846563,35.683144
18,16.514848,-10.423446
112,29.323786,-33.662753
131,32.883696,-39.243312
111,27.355602,-33.366693
118,28.523791,-35.381219
121,28.655774,-36.174444
119,27.740411,-35.746622
114,25.766025,-34.097617
120,26.136386,-36.06627
74,15.180747,-22.293308
125,28.621385,-37.589842
36,32.221484,-31.351384
38,34.460008,-20.091561
20,17.854506,7.879417
87,-2.810526,26.114308
116,-14.265823,34.829826
117,-18.867499,34.959084
118,-21.666123,35.282232
108,-21.528272,32.439632
121,-25.491144,36.331981
135,-29.668291,40.36168
110,-25.120534,32.999769
118,-27.679051,35.405226
126,-30.32611,37.872
44,-10.712146,13.182958
124,-30.354131,37.325877
139,-33.779896,41.81631
111,-26.622592,33.239018
101,-23.998975,30.337728
25,-15.129232,22.406039
124,32.718473,-37.294761
124,32.148713,-37.208782
103,26.769895,-30.96654
111,28.954927,-33.375255
116,30.259114,-34.683028
116,30.672316,-34.89084
113,30.184394,-33.999849
127,34.294842,-38.078495
111,30.693769,-33.321141
113,32.563333,-33.759352
30,9.05582,-8.698645
120,36.096095,-28.427308
122,36.665688,-24.02082
119,35.71487,-22.926989
39,35.176709,-27.010005
37,22.482871,-33.196182
90,-1.527076,-27.028742
62,-10.879033,-18.67489
47,-13.07345,-14.038709
46,-13.854785,-11.60564
57,-17.007737,-11.876012
50,-14.888497,-9.033782
56,-16.757366,-9.090659
20,-6.006255,-3.033146
59,-17.601266,-8.387769
71,-21.230161,-9.136291
48,-14.287842,-5.479919
56,-16.921043,-5.701785
59,-17.79058,-4.914326
62,-18.713852,-3.581101
15,-13.182394,2.025058
65,19.591231,3.46716
77,23.180348,1.498995
73,21.93008,0.367242
70,20.883909,-0.264043
80,23.935723,-0.850468
90,27.062157,-1.515576
75,22.391603,-1.618255
81,24.219522,-2.064764
87,26.074978,-2.540611
93,27.956463,-3.044973
100,29.862345,-3.577128
106,31.790894,-4.136437
37,11.02919,-1.507714
104,31.116408,-4.21535
89,26.640547,-3.489319
96,28.881858,-3.706852
100,30.065037,-3.885372
12,11.069109,-1.569729
105,-31.606751,6.110833
107,-32.146112,7.817359
105,-31.543963,9.243039
111,-33.287124,11.685184
111,-33.214054,14.144294
104,-31.338653,16.555384
40,-35.750512,25.659231
37,-26.991637,33.49286
98,-7.341397,29.37077
15,0.138048,4.442492
82,1.97348,24.677687
86,3.163425,25.934014
23,4.829769,20.65683
20,17.82918,-9.760892
113,11.923616,-33.829278
105,9.554553,-31.361833
110,9.71501,-33.094473
107,9.358834,-32.017421
95,8.426185,-28.54714
104,9.354345,-31.173333
113,10.374249,-33.814711
90,8.508092,-27.102296
128,12.395253,-38.466739
102,10.142553,-30.602478
0,0.0,0.0
130,13.469331,-39.032511
86,9.365837,-25.772362
100,11.525253,-29.978928
103,12.933849,-30.915162
107,15.646219,-32.216874
36,25.044586,-32.119993
74,22.167758,0.025897
54,16.209818,11.136749
43,12.901904,10.314829
51,15.293913,11.510887
50,15.00324,9.816386
58,17.412821,9.42853
67,20.143499,8.483874
61,18.287848,5.730944
68,20.383109,4.480138
75,22.62322,2.939781
20,6.022256,0.46019
98,29.400955,1.407458
73,21.898811,0.231178
100,29.992908,-1.219286
88,26.390097,-3.17291
36,32.446366,-8.541836
38,33.843083,-24.416564
103,7.753751,-30.999979
77,-5.515921,-23.124066
64,-9.342677,-19.070448
56,-11.200255,-16.84397
58,-14.295707,-17.545878
48,-13.652266,-14.424436
52,-15.605187,-14.660583
43,-12.973256,-11.0843
47,-14.049584,-11.104824
50,-15.113489,-11.071715
18,-5.271844,-3.673462
67,-20.111178,-12.379653
45,-13.546539,-6.522481
66,-19.768518,-6.365652
21,-19.20588,-1.545618
30,-26.998014,16.161124
66,5.61986,19.854019
56,16.743238,8.659317
65,19.52771,2.367971
86,25.658053,-2.687042
106,31.889768,-9.144683
105,31.389474,-13.593248
119,35.805911,-19.936698
106,31.851579,-21.105959
146,43.868117,-33.580035
95,28.511686,-24.336014
135,40.618516,-37.746719
35,10.626671,-10.432424
136,40.784056,-39.648029
93,27.830133,-26.00207
137,41.153023,-36.476708
94,28.244326,-23.237394
132,39.529004,-28.617673
36,32.612877,-15.843188
16,11.910717,14.12658
107,-15.379934,32.00298
119,-24.9487,35.693912
124,-30.245106,37.213659
117,-31.355209,35.175644
129,-36.875502,38.571003
111,-33.433659,33.0657
91,-27.350443,25.974713
132,-39.478911,36.067999
106,-31.853734,28.041004
113,-33.765963,28.818884
119,-35.667999,29.536239
125,-37.559984,30.196083
0,0.0,0.0
122,-36.726064,28.789243
145,-43.53892,33.173756
96,-28.685872,21.117294
135,-40.483905,28.368204
105,-31.637513,20.304705
37,-33.106435,17.102865
16,-6.817619,-14.045947
115,31.720994,-34.370125
123,36.760048,-32.472966
110,32.94534,-26.271225
127,38.099734,-28.05294
113,33.944143,-23.245525
123,36.822233,-23.551121
132,39.517573,-23.46819
104,31.299241,-17.306501
146,43.807023,-22.353167
114,34.318571,-15.99281
78,23.53729,-10.193258
121,36.24363,-14.44939
83,24.759523,-8.990914
118,35.374427,-12.653295
136,40.760589,-15.694419
86,25.947869,-10.979261
116,34.873876,-16.926926
40,35.588237,-23.706651
34,10.47948,-30.87559
61,-18.421476,-10.441226
92,-27.699194,-3.96643
84,-25.245779,0.470412
97,-28.990784,3.446282
107,-32.036639,6.588064
91,-27.359004,7.622382
119,-35.788806,12.551006
98,-29.481895,12.500376
125,-37.351637,18.729406
124,-37.278808,22.184814
122,-36.52768,25.626278
117,-35.085237,29.041373
0,0.0,0.0
125,-37.419159,33.15601
118,-35.261491,30.090665
112,-33.488767,27.350194
39,-35.276758,29.203713
77,1.53138,23.131874
61,7.315236,18.41229
78,5.968331,23.36738
80,3.813604,24.14107
66,1.993242,19.815996
98,1.681288,29.499582
0,0.0,0.0
98,0.077106,29.328365
92,-2.439111,27.565112
34,-9.177189,30.618098
18,-16.178387,-5.579578
36,11.483133,-32.574743
113,26.910925,-33.751903
121,36.197772,-30.135144
124,37.210482,-23.257588
128,38.395148,-19.100064
120,35.979983,-14.664786
101,30.265079,-10.407998
111,33.233362,-9.714345
80,23.877315,-5.998605
115,34.449961,-7.289254
99,29.736534,-4.682016
109,32.682808,-2.587644
84,25.183311,1.121565
83,24.818012,7.614016
21,11.563789,19.018404
38,-14.423919,33.825439
120,-34.282823,35.965635
104,-31.066509,25.048888
119,-35.611923,24.703622
128,-38.416079,23.322705
110,-32.894387,17.620084
130,-39.010432,18.028829
103,-30.925072,11.671977
112,-33.67412,8.990982
94,-28.240168,2.403788
79,-23.681274,-7.140953
0,0.0,0.0
18,-14.549572,-16.306758
28,24.950457,-16.289453
77,23.052417,4.613317
69,20.555582,11.576836
56,14.796911,16.799499
78,8.608147,23.358605
101,-0.414256,30.259941
108,-10.018711,32.378872
127,-21.068861,38.110055
103,-22.903179,30.871951
113,-30.266564,34.049231
0,0.0,0.0
110,-32.966064,32.854498
121,-36.162341,32.337158
107,-32.155014,25.24843
120,-36.041649,23.790099
39,-35.3371,16.904911
11,-7.718593,-10.202308
113,33.819781,-16.523378
116,34.90823,-11.365833
129,38.776071,-9.082381
102,30.613982,-5.23525
115,34.582443,-4.231593
95,28.628386,-2.320861
103,31.007796,-1.428034
36,10.876537,-0.251055
106,31.77422,-0.709248
128,38.444243,-1.333989
86,25.915756,-1.242803
102,30.707518,-1.889796
108,32.291221,-2.54429
114,34.08659,-3.336962
34,30.253561,-2.238323
104,-31.327294,22.254673
123,-36.800016,23.625834
120,-36.014405,25.187277
118,-35.259126,26.592903
105,-31.499151,25.30673
114,-34.30861,29.167879
123,-37.002844,33.280304
98,-29.445802,27.807649
103,-30.834989,30.362168
110,-32.16337,33.017487
39,-11.005118,11.613096
112,-31.453067,33.643444
101,-28.001901,30.376591
119,-32.19628,35.556064
100,-26.605374,30.082086
118,-30.086299,35.305142
36,-24.993927,32.290913
21,19.034598,-7.890408
113,33.904634,-32.744892
99,28.97197,-29.657585
117,33.049597,-35.008324
109,30.028889,-32.701643
94,25.288938,-28.150153
124,32.769753,-37.303237
104,26.8269,-31.262184
108,27.088306,-32.283567
110,27.088392,-33.084834
84,20.158439,-25.207982
127,31.757838,-38.22176
102,28.357078,-30.644519
98,29.386211,-27.728419
38,34.307572,-25.561899
36,32.34621,-8.252453
32,-28.5583,27.589311
114,-34.088996,10.861288
119,-35.737888,4.642104
102,-30.499075,0.284837
91,-27.374939,-2.012917
100,-29.996436,-4.28747
109,-32.577462,-6.802499
57,-17.238081,-4.413529
108,-32.520143,-7.624643
70,-21.131729,-3.458198
98,-29.397203,-2.187827
33,-29.828432,2.697454
27,-24.375831,21.275587
77,23.203995,11.598507
98,29.541124,-3.797597
126,37.894853,-18.181982
112,33.589993,-27.200729
115,30.708526,-34.362451
125,26.464366,-37.562904
122,21.530987,-36.51207
105,16.283212,-31.438026
117,16.363447,-35.111884
130,16.428204,-38.959921
0,0.0,0.0
128,15.203771,-38.418227
112,12.776521,-33.538237
125,13.497567,-37.554261
100,9.783128,-29.906565
119,9.366775,-35.707544
18,-5.235798,-16.182586
121,-13.448494,36.407401
102,-2.380126,30.563936
80,3.874946,24.087098
77,10.624228,22.996383
57,15.223328,17.005863
73,22.035335,13.93981
77,23.165193,8.268187
95,28.600334,5.164084
84,25.298138,1.545493
131,39.231538,-1.41593
113,33.799016,-3.913513
0,0.0,0.0
113,33.941021,-4.611544
133,39.820566,-4.509761
87,25.993809,-2.36804
121,36.417363,-2.468192
95,28.424021,-1.181824
34,30.705005,-0.674205
13,11.558037,-11.728326
66,-18.147312,-19.769197
79,-15.612572,-23.585297
80,-10.789615,-23.914172
82,-7.248081,-24.586029
98,-4.777401,-29.278187
115,-1.465903,-34.411254
105,1.782753,-31.528154
87,3.349348,-26.13365
31,1.536591,-9.20495
115,5.477288,-34.59421
119,3.910978,-35.831441
94,0.982179,-28.057885
91,-2.804319,-27.170762
19,-13.031438,-17.37295
33,-26.436022,29.743418
113,-9.862629,33.754723
108,-3.388243,32.546552
104,1.347789,31.248225
93,4.861303,27.836047
77,6.740745,23.149426
79,9.587237,23.71586
80,12.720313,24.092551
61,11.767753,18.208215
81,18.887186,24.326448
61,16.716285,18.194257
0,0.0,0.0
73,21.843176,22.013137
60,18.023607,17.822216
58,17.451884,16.845199
21,18.57657,17.191993
42,-12.682606,-6.424366
32,-28.441514,-6.858611
30,-26.758242,24.777976
108,-4.32903,32.428351
120,2.473947,36.002126
101,5.088512,30.438676
58,3.734642,17.335898
114,7.902945,34.332581
102,6.997521,30.731278
91,5.993164,27.177081
97,5.948037,29.055732
93,4.686668,27.815305
35,1.046319,31.766286
28,-25.11284,-1.053366
67,-20.103601,-19.504439
70,-18.822243,-20.988068
71,-18.094371,-21.334529
82,-20.239023,-24.571082
54,-13.151538,-16.191047
77,-18.685453,-23.160294
62,-14.858761,-18.473461
87,-20.909682,-25.987449
68,-16.485249,-20.427014
71,-17.155006,-21.15853
48,-11.80017,-14.479646
0,0.0,0.0
67,-17.227886,-20.007883
70,-20.940957,-20.996511
63,-18.787807,-15.033481
69,-20.67267,-11.247657
30,-27.030972,-2.966188
32,-29.062323,25.622961
109,-9.707846,32.736505
116,-1.598929,34.74167
91,3.064954,27.373265
90,6.61879,26.884794
83,10.036385,24.928272
72,13.274517,21.486022
64,19.287461,18.705281
77,23.006838,9.538751
101,30.330505,-3.489888
40,35.903776,-20.963686
27,-2.936084,-24.276725
37,-33.498845,15.053641
114,-29.4843,34.096027
114,-19.061369,34.325185
128,-15.354644,38.354808
130,-11.419704,38.864339
120,-7.827506,35.948388
100,-4.900765,29.95844
109,-3.910511,32.648762
118,-2.767381,35.452186
128,-1.461464,38.372795
91,-0.163597,27.264327
0,0.0,0.0
130,0.553218,38.954187
111,0.987918,33.228692
93,1.259586,27.843258
118,2.340192,35.375142
29,2.610785,26.246774
25,0.090318,-7.369211
107,-7.981171,-32.157118
88,-11.497038,-26.420247
65,-17.034541,-19.567786
34,-30.688854,-4.367474
111,-33.370581,20.893324
114,-30.757309,34.344987
111,-23.354435,33.371107
142,-25.637651,42.732395
41,-6.75985,12.244336
154,-24.365598,46.265623
99,-14.603755,29.593337
110,-14.984934,32.966543
121,-13.846799,36.348418
34,-2.240139,30.489462
101,30.376364,-27.054426
124,24.727166,-37.326464
120,20.061489,-35.925735
114,16.703914,-34.053482
123,15.919078,-36.970338
104,11.680565,-31.15599
134,12.664525,-40.265994
109,8.118646,-32.780323
109,5.911991,-32.845312
135,3.692085,-40.520694
105,-0.486774,-31.476744
101,-3.97922,-30.176901
48,-3.426017,-14.463939
101,-9.258893,-30.270106
26,-9.614891,-23.500889
20,-17.5805,-4.427789
104,2.729664,31.149426
87,9.779431,26.118051
74,14.654544,22.211124
70,20.931161,18.455638
78,23.309535,10.54087
113,33.849296,3.45792
117,35.023544,-6.807697
112,33.637719,-14.03686
126,37.880609,-22.836965
112,33.505344,-25.362771
90,27.082528,-23.539668
118,35.335016,-31.203989
105,31.594311,-25.673412
115,34.492886,-24.885056
115,34.529855,-20.252093
118,35.468792,-12.742366
33,29.619721,2.874211
79,18.218912,23.563094
99,4.522038,29.835065
111,-1.811434,33.19319
122,-6.249737,36.507372
31,-7.1371,28.300684
39,17.890554,-35.481782
11,9.75914,4.32332
126,-9.853698,37.730116
117,-10.348283,35.137318
125,-11.452548,37.490734
120,-11.116761,35.85644
138,-12.91043,41.44647
117,-10.878254,34.96307
128,-11.907157,38.450722
92,-8.507331,27.644059
0,0.0,0.0
136,-12.546187,40.750067
123,-11.481475,36.910365
111,-10.476417,33.159374
128,-12.493503,38.530968
107,-10.900003,32.230562
123,-13.531837,36.992499
35,-14.287873,31.347346
77,-6.527518,-22.963549
115,6.280316,-34.506742
130,9.185425,-39.097793
129,10.463971,-38.755045
116,10.282411,-34.750356
126,12.036424,-37.853275
101,10.207969,-30.299953
143,15.222173,-42.77793
113,12.649004,-33.751716
117,13.723976,-35.082675
121,14.81401,-36.324311
125,15.917338,-37.476366
85,11.230222,-25.579904
43,5.801826,-12.958639
123,16.116333,-36.814698
141,17.067204,-42.371489
117,12.340232,-35.06609
114,9.356561,-34.165905
35,3.190124,-31.170881
24,-21.963195,-10.496612
104,-29.65362,31.316922
109,-19.597672,32.759219
134,-17.003274,40.152542
107,-9.077531,32.00774
113,-5.41976,33.896051
117,-0.795727,35.01776
118,4.786217,35.391337
94,8.484694,28.094864
92,13.142127,27.514088
89,18.272251,26.592481
64,17.351545,19.144672
45,13.41263,12.310287
87,26.068059,21.817742
72,21.726856,17.184167
84,25.226248,17.759027
33,30.093796,10.584864
109,8.667824,-32.829251
39,3.855388,-35.436861
30,25.500226,-27.356914
116,34.781872,-2.495727
114,34.271757,7.159944
95,28.644418,9.620857
113,33.818945,14.088088
31,9.319265,4.282653
116,34.761641,18.012646
73,21.962409,13.704247
97,29.214857,22.828502
74,20.570346,22.346017
85,14.235533,25.49649
38,2.442704,34.010837
35,-22.597924,31.794069
115,-34.609733,15.626383
114,-34.127184,4.366613
128,-38.294058,-3.436386
96,-28.800215,-7.745448
117,-34.976933,-15.669084
77,-22.963529,-14.599965
92,-27.607043,-23.261757
76,-20.711653,-22.86172
90,-19.03912,-26.863888
76,-12.925427,-22.901091
85,-11.561041,-25.361871
107,-12.648963,-31.988624
102,-11.181844,-30.661121
33,-8.585439,-29.801145
17,15.017203,4.06585
93,19.601402,27.976564
81,15.988696,24.387485
91,17.550065,27.200361
79,15.31534,23.703415
94,18.573747,28.335711
89,18.062566,26.723221
78,16.752352,23.510117
86,20.864746,25.70287
17,14.872157,8.654807
26,-23.534276,16.165892
102,10.565776,30.453047
84,25.07701,19.312683
95,28.352612,15.029499
109,32.587197,13.906056
112,33.666149,12.370396
105,31.559506,10.463411
88,26.539326,8.214129
113,34.028681,11.624257
114,34.313835,15.425945
86,25.810467,15.82906
77,23.13193,21.733029
36,9.249938,32.280677
30,-27.053021,22.134841
122,-36.549842,0.458849
118,-35.388693,-11.524115
94,-28.247963,-16.77045
79,-23.653494,-19.92945
86,-22.964123,-25.838618
84,-17.360307,-25.245086
99,-16.023729,-29.580008
114,-14.270064,-34.167624
96,-9.293317,-28.790568
105,-7.878208,-31.624958
37,-2.278616,-11.190607
136,-8.568854,-40.858297
83,-6.207456,-24.896416
121,-11.856091,-36.172917
26,-14.402997,-23.116017
27,-21.575683,24.620101
119,-3.395274,35.571024
109,1.370013,32.557535
118,5.302011,35.294586
100,7.767459,30.015215
117,13.716097,34.964321
90,15.357728,26.870175
79,19.145219,23.552316
94,28.233853,22.231177
94,28.115822,12.129437
132,39.504538,5.142281
100,29.979122,-3.199844
0,0.0,0.0
135,40.366029,-8.093134
104,31.293275,-6.930065
7,6.695739,-1.067876
110,-32.886969,18.934635
32,-22.778822,28.811494
113,-1.745635,33.894296
101,15.193442,30.427562
87,23.266413,26.235552
95,28.551898,24.27975
23,6.806292,5.136619
105,31.491953,24.801557
83,24.836926,22.40642
78,21.723966,23.454205
31,17.878861,27.590834
28,-11.343083,25.334418
103,-30.89913,-14.160522
86,-25.94533,-24.201249
91,-20.342739,-27.386141
99,-16.246046,-29.677953
119,-14.087057,-35.610073
115,-9.353048,-34.353937
102,-5.48854,-30.633656
112,-3.37886,-33.503139
0,0.0,0.0
131,-3.690852,-39.402941
104,-5.335519,-31.167888
114,-11.167539,-34.081545
24,-21.612489,-19.064309
32,-24.168225,28.810548
125,-5.726185,37.505819
108,2.166092,32.374498
119,8.658146,35.732616
107,13.505756,32.207912
91,16.115223,27.27704
90,20.983981,27.142845
88,26.265206,26.526319
84,25.085979,20.464428
71,21.324029,14.756406
111,33.262301,22.635692
85,25.527485,19.770754
81,24.233203,23.183712
32,16.109574,29.129195
94,-19.306375,28.290237
32,-29.185129,19.392895
84,25.171042,22.501288
119,35.553968,16.094418
0,0.0,0.0
110,33.085672,13.452915
37,33.097265,12.352613
22,-19.516513,12.972143
117,2.385865,35.203732
105,14.712084,31.614321
105,19.296901,31.427378
106,22.497538,31.934183
48,10.812076,14.361838
114,26.583958,34.249547
78,18.706966,23.368722
95,23.943852,28.50429
87,24.626525,26.186792
32,28.838945,11.728755
120,-1.229686,-35.968385
112,-7.142666,-33.648546
123,-9.011995,-36.928028
123,-9.274528,-36.811683
114,-8.514744,-34.071724
123,-8.979824,-36.962993
105,-7.361342,-31.529485
111,-7.389391,-33.17012
116,-7.298138,-34.718155
130,-7.939002,-39.026799
113,-6.893871,-33.94596
36,-6.043765,-31.97657
70,17.805984,20.88664
32,28.79068,19.423298
38,34.40273,-15.249621
90,20.079753,-27.104416
122,18.733278,-36.741389
108,13.32548,-32.446483
96,10.477349,-28.921068
0,0.0,0.0
128,12.187535,-38.320401
109,8.324685,-32.571882
129,6.23691,-38.809628
35,-0.288445,-31.348371
26,-19.938808,-23.345508
36,-10.154206,32.752148
113,14.871624,33.905226
90,25.237643,26.87986
91,27.328035,19.787305
94,28.232989,15.787009
115,34.462297,15.494382
137,41.211702,14.997084
119,35.649563,10.817382
87,26.144855,6.973426
143,42.945903,10.068841
104,31.210074,6.437318
0,0.0,0.0
150,45.085394,9.482369
88,26.467635,6.260463
115,34.549899,9.177604
123,36.938079,11.625226
108,32.54656,13.179016
27,24.622212,23.499453
116,-34.75453,9.764095
111,-33.381441,-0.787066
136,-40.706076,-4.790201
100,-29.964842,-5.514946
131,-39.32366,-9.63284
107,-32.039529,-10.005258
106,-31.740737,-12.161265
127,-38.10466,-18.416818
94,-28.301294,-17.470258
105,-31.39537,-25.502502
78,-20.994144,-23.527167
112,-19.819226,-33.584741
101,-9.765273,-30.408017
83,-3.255443,-24.974405
131,-3.782456,-39.378582
107,-6.470049,-31.969546
110,-12.755362,-33.053021
28,-23.399729,-25.483605
37,-33.605438,0.349208
94,-26.895003,28.226342
117,-12.938755,35.202742
113,-3.486293,33.956349
128,3.914091,38.475741
99,8.152404,29.640218
124,16.525962,37.329048
86,15.52822,25.657435
109,24.955829,32.624566
88,24.722953,26.33742
23,6.875627,6.596801
110,32.981101,28.856055
78,23.329656,17.400178
114,34.267264,19.308128
35,31.862805,6.413341
25,22.913501,-22.861272
126,-3.949539,-37.738038
113,-14.561346,-33.835932
105,-20.604106,-31.497123
90,-23.399017,-26.863213
78,-23.49676,-21.349333
110,-32.951438,-23.295598
105,-31.397769,-16.621742
92,-27.6843,-10.94156
126,-37.801407,-10.1108
109,-32.789145,-4.771643
0,0.0,0.0
132,-39.729195,-2.564307
115,-34.49378,-0.235781
116,-34.695144,1.906143
118,-35.319857,4.53033
38,-34.520578,6.836674
87,22.009056,-26.012354
91,26.160417,-27.290171
96,25.260537,-28.773394
100,24.605615,-30.124681
95,21.955786,-28.487352
109,23.943757,-32.667027
91,19.251679,-27.398022
100,20.357245,-30.002206
109,21.464204,-32.714538
38,7.40161,-11.52625
109,20.846117,-32.711082
122,23.191354,-36.646124
97,18.314192,-29.239821
90,16.718017,-27.038884
28,17.275762,-25.417192
125,-11.036722,37.452493
111,-4.126873,33.390656
113,5.14577,33.838721
93,20.357317,28.013336
119,35.595848,15.073304
108,32.514337,2.816475
139,41.616423,-3.388444
99,29.761952,-5.37319
73,21.975639,-5.081712
145,43.535991,-10.143223
99,29.785257,-6.043925
120,35.876972,-6.159962
129,38.657572,-4.962644
106,31.755062,-2.310497
40,36.388103,0.843188
18,16.546136,15.621357
116,-34.761688,14.289818
111,-33.417602,8.181829
119,-35.68274,6.728751
143,-42.832683,6.488291
97,-29.142624,3.726065
143,-42.885828,4.728244
117,-35.193805,3.343887
126,-37.797083,3.155645
89,-26.647258,1.994406
140,-42.149065,2.822951
99,-29.554015,1.768204
155,-46.517218,2.481784
108,-32.471349,1.542336
56,-16.674238,0.738193
157,-47.018567,1.891004
92,-27.640991,0.906538
121,-36.194379,0.771729
130,-39.036091,-0.140599
98,-29.345808,-1.516017
37,-33.331426,-7.01409
32,11.660476,-28.589037
108,32.355868,-19.12103
109,32.790123,-17.138694
35,31.789473,-17.760373
26,8.90359,-23.510783
118,-35.433823,-3.774538
133,-39.750915,1.076181
104,-31.281558,2.217248
0,0.0,0.0
139,-41.719966,2.607136
114,-34.186753,0.304661
110,-32.917948,-2.459727
36,-32.337447,-9.099414
30,-4.491301,-27.033088
122,36.677642,-16.492518
107,32.159822,-1.148548
115,34.493102,9.60637
96,28.912871,19.695301
90,21.73096,26.894947
101,14.720719,30.432611
100,8.907065,30.110918
119,5.873273,35.629392
138,2.412196,41.511951
117,-0.70769,35.214895
42,-0.747864,12.546461
153,-2.939537,45.773158
92,-1.548339,27.722872
115,-1.619273,34.487895
27,-0.236357,24.610729
123,1.6142,-36.78688
115,1.129183,-34.571097
137,1.050869,-41.080783
99,0.562836,-29.84607
130,0.428244,-38.852644
131,-0.027699,-39.302627
103,-0.476099,-30.853767
122,-1.342687,-36.690979
111,-2.396899,-33.338182
112,-4.635239,-33.666162
36,-11.54547,-32.634723
38,-11.451778,-6.416247
114,-34.268959,-8.741734
89,-26.695232,-20.152529
30,-17.574539,-26.951281
92,27.544585,1.421061
92,27.528627,19.025876
97,29.189387,23.944886
85,25.426703,22.730293
38,11.306926,10.52205
85,25.602189,23.648825
28,24.793586,21.515109
9,8.022902,-2.621679
80,-22.82619,-23.882687
82,-24.459829,-21.722289
95,-28.612362,-20.435155
35,-31.757968,-10.86465
33,-16.059811,29.360444
75,3.181273,22.475529
122,7.969956,36.716247
16,3.228873,14.278533
38,-7.776424,-34.079214
38,0.545532,11.330468
107,6.206825,32.105243
0,0.0,0.0
121,10.505381,36.302436
28,17.674305,24.775277
116,34.784431,3.369449
40,35.965962,-9.049233
31,28.296904,14.56134
109,13.516313,32.600282
113,6.691365,33.90873
61,2.379797,18.194064
130,2.205219,39.073496
38,-4.543172,34.155414
30,-20.041374,26.684029
21,-19.032169,-4.571279
111,33.164581,11.801073
107,32.215627,16.017475
101,30.283352,16.949165
123,36.999406,22.359165
28,8.258117,5.187278
101,30.328925,19.244234
113,33.898517,21.766426
29,26.170031,17.358202
51,-15.362586,-2.508128
109,-32.577605,-12.481408
39,-35.167505,-5.618496
37,2.164025,32.865566
86,19.197031,25.861155
96,25.313313,28.844584
22,6.184169,6.64239
98,28.22385,29.535542
83,24.897181,24.565969
29,25.727783,19.528051
112,-3.9181,-33.564612
39,-5.14036,-34.934686
34,30.84114,-1.045932
103,30.944039,18.441336
102,30.64503,22.285863
101,30.343107,24.121575
88,26.475025,22.136087
0,0.0,0.0
116,34.706146,28.572296
97,29.204782,22.140406
80,23.950246,16.220368
37,33.212201,16.81021
23,12.436314,-20.480372
96,-22.609032,-28.765297
95,-28.409743,-23.745156
101,-30.389233,-17.243009
130,-38.986626,-11.401451
120,-36.108883,0.835886
104,-31.180016,11.238606
101,-30.294871,23.008594
76,-19.158241,22.831047
98,-17.916361,29.486377
28,-4.241044,8.477589
127,-17.781339,38.046764
92,-11.858495,27.725138
35,-5.325026,31.201666
92,27.536146,-22.385551
87,26.162544,-26.102815
78,23.292184,-22.660013
85,25.614314,-23.308047
91,27.170696,-22.172419
109,32.614095,-22.072143
93,27.817343,-13.661208
118,35.416125,-7.517919
118,35.383509,10.81313
56,16.710158,16.846317
109,19.989789,32.660709
38,2.532112,34.557679
99,-29.820331,12.275562
125,-37.603803,-1.260532
121,-36.242366,-4.761099
38,-34.42373,-3.634628
11,-9.831187,5.777705
32,29.077234,21.094448
79,-23.684207,-0.525067
34,-30.735772,14.258772
36,-12.099622,32.263091
33,0.897452,-9.832771
2,-0.071031,-2.141587
18,-11.565412,-16.053165
102,-16.254371,30.62514
29,-26.266933,19.058974
1,-0.979092,-0.270729
28,11.65314,25.365434
15,-6.995734,13.817287
108,-32.437264,-15.721149
0,0.0,0.0
38,-34.119919,-10.966213
111,1.782671,33.278307
36,16.091538,32.254885
21,-18.691047,-1.749363
45,-13.473132,-11.444265
111,-33.1598,-19.555671
112,-33.679272,-1.632787
106,-31.897467,15.490186
82,-23.567683,24.563749
105,-17.363181,31.40724
38,-7.151963,33.839953
27,21.613648,24.247466
2,1.953061,-0.174982
28,24.867971,22.255503
38,-4.845205,33.92263
27,-24.339504,23.635107
125,-37.517926,-0.01174
103,-31.000523,-14.750842
107,-32.167646,-24.672289
86,-25.855273,-25.380537
85,-22.387325,-25.452744
101,-23.866099,-30.383795
87,-18.840849,-26.219891
133,-26.323024,-39.795945
0,0.0,0.0
127,-24.731004,-38.118656
76,-15.763452,-22.893429
94,-21.502698,-28.134826
29,-25.820911,-22.70368
32,-15.524426,28.450772
123,1.747822,36.922136
112,3.50453,33.541947
121,4.229778,36.227635
123,3.874586,36.814657
118,2.395961,35.30049
122,-0.629274,36.466283
35,-7.571815,31.376455
35,-31.147766,16.060764
57,-17.075689,-5.3462
107,-32.187861,-16.383101
32,-28.893339,-22.069076
32,-2.964938,-29.189196
36,32.063754,12.490888
105,19.853666,31.499861
120,9.290668,35.913881
92,2.372704,27.502541
41,3.524347,36.808927
25,22.65177,2.945525
97,18.190351,-29.213006
109,18.495449,-32.565637
94,16.888472,-28.270318
104,21.082263,-31.135028
91,23.090497,-27.342404
92,27.707675,-22.038989
78,23.480583,-8.466562
37,33.359316,5.227287
99,-17.392468,29.800622
32,-22.77871,28.437634
76,11.45645,22.945423
0,0.0,0.0
37,33.266552,12.630292
3,-1.905338,2.80269
23,1.673107,-7.0331
27,22.859623,-24.002246
109,32.821686,13.03044
19,17.342947,8.846359
109,-10.584094,32.647273
16,-4.337199,13.953747
67,14.526289,-20.142046
31,27.623821,-20.856578
124,37.174781,-2.914812
36,32.79485,9.435755
14,6.05188,12.739344
125,-37.436332,-14.145146
109,-32.557218,-15.025835
0,0.0,0.0
39,-35.210862,-17.435178
5,4.127935,-3.949159
117,35.185225,12.609088
37,33.475596,12.37343
27,-8.241676,-6.866178
121,-36.23748,-16.543799
64,-19.097322,-8.502982
117,-35.058925,-15.126313
37,-33.050623,-12.724515
52,15.730384,14.591714
114,34.096593,18.853826
100,29.983406,15.836728
36,32.031272,15.938589
81,-24.242578,-16.142429
0,0.0,0.0
35,-31.804472,-19.374364
62,18.401071,18.50882
37,14.784937,33.377683
110,-8.669283,33.062533
82,-24.637035,24.087644
110,-33.066884,18.702535
108,-32.37578,13.133424
106,-31.753293,10.309162
60,-17.9649,5.081288
139,-41.636,11.332138
107,-32.095393,8.787082
102,-30.659088,8.32861
9,-7.754032,0.866649
111,33.218675,-9.002998
40,35.684327,-7.500419
14,-5.756489,12.676507
35,-10.537557,5.012206
31,-28.062492,21.329025
98,29.370359,17.99647
118,35.25909,5.012673
39,35.020054,2.026277
104,-31.270411,-1.45146
129,-38.665532,-0.408739
129,-38.674752,0.119085
30,-8.93554,0.088233
136,-40.743938,0.738415
105,-31.402445,1.08402
40,-35.856673,2.405324
9,6.169536,8.207681
121,36.355903,4.339026
34,30.25181,6.073629
102,-30.667788,1.833434
39,-35.460747,9.29339
36,-0.686258,32.683353
96,20.354397,28.761938
30,24.865729,26.991975
46,-13.743867,-1.069585
117,-34.982244,-21.462783
17,-5.12469,-3.180361
38,-34.624637,-17.2727
35,-31.269434,4.970135
116,-6.957113,34.916837
125,1.794611,37.373879
113,0.36381,34.024297
38,-10.977054,33.8851
35,-31.734859,10.23721
126,-37.748978,-9.630509
106,-31.85723,-14.24923
102,-30.614257,-16.510085
28,-8.40923,-4.880485
109,-32.616436,-18.558107
121,-36.210825,-18.941056
104,-31.237922,-14.542852
103,-31.048468,-12.13141
37,-33.694016,-8.511074
23,-20.573568,15.915349
92,26.468175,27.630101
102,30.645698,21.243043
100,29.981222,17.295979
98,29.477186,14.971734
112,33.490643,15.230513
125,37.434924,15.261389
109,32.739779,12.081263
117,35.180652,11.846011
0,0.0,0.0
142,42.460171,13.575617
99,29.628499,9.352778
124,37.258597,11.497916
109,32.660731,9.579662
35,31.391865,6.196013
114,-34.226252,-14.974789
128,-38.494271,-13.720817
104,-31.165852,-10.379771
122,-36.569143,-11.597085
110,-33.10988,-10.049911
122,-36.506508,-10.644515
133,-39.875702,-11.149334
107,-32.101284,-8.636641
113,-33.969403,-8.826007
119,-35.825919,-8.972366
126,-37.670832,-9.074282
87,-26.133111,-6.083552
0,0.0,0.0
126,-37.790636,-8.811354
113,-33.841098,-8.188966
131,-39.204166,-10.013442
109,-32.726307,-9.037617
108,-32.271737,-9.986988
33,-30.146792,-11.590459
19,-0.868293,-16.99434
124,37.342214,2.78268
123,37.022051,6.894665
103,30.8855,7.661459
113,33.916926,10.093217
121,36.360595,12.650339
102,30.454819,12.039329
131,39.287559,17.536047
107,32.043946,16.07648
108,32.270097,17.941824
81,24.174458,14.70217
27,8.028443,5.140665
119,35.572732,24.310424
90,26.942424,20.886422
27,24.384402,23.454194
33,4.236144,29.387219
124,-37.200174,-2.481389
116,-34.875535,-11.492843
101,-30.192438,-13.319784
108,-32.399023,-17.184431
112,-33.470769,-20.91869
93,-27.8877,-20.203615
91,-27.175518,-22.664702
86,-25.796611,-25.080901
92,-23.748396,-27.46083
99,-21.028604,-29.811844
42,-7.499098,-12.577647
103,-18.591982,-31.016345
27,-24.402323,-24.466865
112,-8.864307,33.599951
119,-2.717984,35.731696
39,-8.853058,34.987164
31,-28.33618,15.223593
113,-33.975074,-15.590446
105,-31.368781,-25.249691
84,-25.264639,-24.519361
76,-21.378934,-22.803858
89,-23.541674,-26.831304
0,0.0,0.0
91,-23.916533,-27.161978
103,-29.632251,-30.957623
68,-20.528731,-19.489715
84,-25.091691,-21.329955
92,-27.640151,-19.729019
105,-31.52748,-16.037192
35,-31.661685,-2.437789
35,-3.126533,31.871565
96,22.954263,28.809591
87,25.996452,21.066865
95,28.500828,17.752748
116,34.924097,17.271868
109,32.688593,13.0682
91,27.346661,9.168281
134,40.306431,11.148291
111,33.159958,7.400248
119,35.711122,6.448392
128,38.29765,5.384764
90,26.98619,2.945327
0,0.0,0.0
127,38.15927,3.802444
138,41.313925,4.337688
104,31.080213,3.39847
36,32.058952,3.551414
74,-22.107309,-3.556393
127,-38.098132,-4.984005
112,-33.739798,-4.266071
125,-37.48461,-4.61455
106,-31.679601,-3.816412
135,-40.45935,-4.792819
107,-32.123386,-3.771671
129,-38.595067,-4.554068
118,-35.469938,-4.312986
103,-30.853318,-4.030727
109,-32.600351,-5.129159
18,-16.258906,-7.258886
23,-6.608541,-20.300498
117,-35.156719,-6.673652
120,-35.861275,-3.436853
122,-36.72495,-1.835976
111,-33.297789,-0.672511
125,-37.544105,0.110709
119,-35.632518,0.810183
85,-25.556664,0.949772
120,-36.040479,0.153641
126,-37.750402,-3.901259
35,-31.272499,-9.587383
28,-11.9989,-25.434246
118,35.257358,-10.580235
117,35.06084,2.709599
114,34.310861,8.330221
114,34.080585,12.408642
105,31.576186,14.601053
91,27.284182,14.769305
97,29.047075,17.746583
103,30.783927,20.938557
0,0.0,0.0
100,29.904268,20.595448
109,32.55535,20.219149
91,27.338597,14.319451
37,33.348106,11.333732
33,29.957089,-11.089702
121,0.31054,-36.208685
118,-10.934138,-35.328952
104,-13.279557,-31.330864
96,-14.023298,-28.768087
103,-16.432402,-30.794918
108,-18.584102,-32.454445
90,-16.246912,-26.911425
115,-21.826281,-34.515846
94,-18.525534,-28.085684
94,-19.342572,-28.304219
71,-14.973491,-21.260109
71,-15.320672,-21.201169
111,-23.057719,-33.377921
80,-14.67036,-24.010209
105,-16.17849,-31.495921
99,-10.819365,-29.799413
35,-1.79325,-31.317088
34,31.033464,-7.093604
85,25.63378,18.690248
83,23.280085,24.872815
96,21.673873,28.749536
77,15.103932,23.065269
111,19.402776,33.30216
101,15.799482,30.274019
112,15.926291,33.55008
91,11.964521,27.337536
97,11.934174,29.220472
104,11.863019,31.119501
0,0.0,0.0
129,14.219156,38.799769
104,11.199918,31.184341
97,9.915759,29.006096
31,4.026595,28.275488
100,-18.069206,-29.91277
100,-15.475622,-30.142116
102,-14.882246,-30.685173
111,-15.505167,-33.348827
114,-15.339183,-34.304846
94,-12.114725,-28.092779
106,-13.121553,-31.656478
107,-12.506584,-31.977212
105,-10.697085,-31.378251
8,-1.380843,-7.249798
90,-27.13308,-17.389289
28,-25.429791,-21.692007
107,-7.707124,-32.005755
131,6.943644,-39.30699
110,12.575928,-33.030854
113,16.878831,-33.969828
109,18.935392,-32.653438
123,23.831918,-36.880557
109,22.892685,-32.71481
0,0.0,0.0
105,23.870173,-31.424413
106,27.331027,-31.862724
95,28.611373,-28.225135
33,30.064463,-22.529465
31,27.778948,-0.882813
104,-23.283925,31.247226
112,-33.549079,24.417571
119,-35.719636,19.558707
97,-29.122391,13.089429
142,-42.644174,15.93885
97,-29.030326,9.144551
143,-42.859248,11.492151
118,-35.341965,7.969833
127,-38.153329,7.314254
90,-27.02826,4.471089
143,-42.976651,6.0424
101,-30.299587,3.555083
105,-31.638253,3.154291
0,0.0,0.0
153,-45.765165,4.503887
92,-27.569664,3.051677
124,-37.098304,4.56032
107,-32.175602,4.445565
119,-35.601242,5.594356
129,-38.753334,7.339874
34,-30.58433,10.362552
121,36.344821,-0.805971
123,36.768508,-4.791035
129,38.717368,-6.456891
120,36.087578,-7.061017
102,30.687689,-6.773185
133,39.832961,-9.917208
108,32.452287,-9.140569
135,40.501175,-13.014313
106,31.75938,-11.755121
127,38.105651,-16.488432
95,28.624415,-14.723037
45,13.527923,-7.901788
123,36.865786,-22.568361
26,23.380258,-12.250042
101,-30.407767,28.779651
101,-24.511884,30.316282
39,-13.335745,35.494411
32,13.406437,28.87062
90,27.132734,14.094819
125,37.649352,8.357386
112,33.522399,3.335566
100,29.981335,1.222219
115,34.404531,0.07258
152,45.714472,0.253638
101,30.167441,1.311807
116,34.949414,3.023244
97,29.170113,4.245442
112,33.5093,8.147509
34,30.767878,16.586468
33,-9.086219,29.797491
115,-34.521339,14.463213
114,-34.218711,7.299759
116,-34.672816,3.774699
129,-38.647765,0.999661
115,-34.584115,-1.623804
121,-36.176524,-4.153303
99,-29.725226,-5.335781
126,-37.677486,-9.433389
101,-30.212786,-9.946933
0,0.0,0.0
108,-32.533718,-11.985244
33,-29.642071,-11.308172
8,1.582721,-7.626166
116,34.653655,3.930261
116,34.742895,2.798775
115,34.447832,-0.157323
40,35.723097,-9.209021
35,10.614693,-31.400234
105,-16.459261,-31.420569
32,-7.256816,-9.640071
91,-19.097835,-27.392366
35,-12.564866,-31.910661
34,11.969197,-30.916659
122,36.57371,-12.074598
116,34.805385,-0.978416
116,34.699058,3.041227
120,36.082959,5.766505
104,31.075924,6.519255
110,33.073119,8.216228
105,31.584628,8.939632
25,22.738649,7.10277
47,-1.233499,-14.222821
16,-4.075053,-14.460443
100,30.136663,12.684384
108,32.279415,15.36635
101,30.422085,15.161567
97,29.239193,14.968609
83,25.004174,13.037968
109,32.778333,17.995724
94,28.115037,17.013022
96,28.858377,19.842511
86,25.879694,21.695433
28,20.679743,25.373615
37,3.50595,33.055238
94,-28.050994,24.176494
115,-34.421696,12.478664
129,-38.832726,8.770708
111,-33.227128,5.429909
120,-36.008236,4.650519
127,-38.126487,4.044449
110,-32.911555,3.02359
112,-33.53774,2.799461
45,-13.504375,1.074634
127,-38.044658,3.87942
126,-37.918314,6.121919
115,-34.500827,8.82397
35,-31.384523,14.781915
35,-7.732226,31.053184
91,27.410783,22.387667
94,28.173603,13.930038
125,37.473159,14.586561
109,32.603905,10.853597
99,29.657993,8.970514
110,32.887827,9.252397
121,36.165673,9.56402
132,39.491375,9.910779
70,21.007735,5.097917
127,38.212916,9.855485
118,35.346696,10.963057
32,28.49382,12.589769
19,-13.373211,17.265728
121,-36.243079,2.391822
118,-35.466381,-0.165562
134,-40.187878,-1.605756
119,-35.550752,-2.309194
120,-36.101154,-3.108519
118,-35.411003,-3.856606
112,-33.480381,-4.579324
101,-30.309573,-5.300381
116,-34.746151,-8.668065
32,-28.959883,-16.753048
8,-0.582742,-7.086295
12,9.840565,10.797887
122,0.746343,36.624884
38,2.319318,34.087912
15,13.244872,-4.729612
23,21.065949,6.531874
113,-0.151292,33.82723
118,-15.622194,35.256585
87,-26.209162,23.082017
123,-36.809394,13.654806
129,-38.716233,3.844588
112,-33.665608,-1.759589
103,-30.808143,-4.49303
115,-34.439216,-7.498308
127,-38.233092,-10.733982
104,-31.256446,-10.305121
0,0.0,0.0
137,-40.990315,-13.724001
93,-27.918513,-8.608057
112,-33.565898,-9.407078
98,-29.502392,-7.23328
123,-36.905936,-7.209458
108,-32.393011,-3.641816
37,-33.472026,5.395999
79,23.297555,23.6622
109,32.60943,12.727064
112,33.720931,9.462429
114,34.230992,7.257745
107,31.993667,5.131571
116,34.910677,4.043018
125,37.605347,2.713397
0,0.0,0.0
130,38.997199,1.406118
38,33.867957,-1.584454
81,-24.369953,-12.891076
115,-34.41016,-6.147848
125,-37.475892,-4.603114
99,-29.612613,-2.450906
124,-37.314383,-1.655155
126,-37.867239,0.094555
123,-36.95133,2.179261
115,-34.56614,4.56619
118,-35.34841,8.708164
103,-30.956828,14.899955
42,-12.739693,12.238447
9,-4.475209,7.670193
116,12.730811,-34.744818
38,-4.942536,-34.094596
89,-26.841058,-20.319813
113,-33.95206,-6.332323
119,-35.759893,0.595568
125,-37.433927,4.786377
118,-35.403707,7.067928
65,-19.632551,4.723558
127,-38.03515,8.952233
135,-40.533376,7.65232
110,-33.057255,4.085992
115,-34.355825,0.524684
31,-27.907889,-8.695677
32,17.376589,-28.737359
124,37.209561,-14.066896
119,35.594233,-6.306345
120,35.953973,-1.749456
111,33.362884,1.86405
120,36.112303,5.487257
102,30.661727,7.378502
107,32.072766,10.347914
111,33.340148,13.604689
86,25.755103,12.51262
29,8.717143,4.634369
106,31.828117,17.597671
104,31.212442,18.084583
86,25.732333,16.192644
19,11.857629,16.782849
114,-34.250018,-9.792115
103,-30.773736,-11.146509
103,-30.79849,-11.803813
112,-33.54268,-13.239019
97,-29.1396,-11.706072
118,-35.309422,-14.37054
96,-28.866975,-11.882825
92,-27.600723,-11.48572
102,-30.45598,-12.866693
101,-30.329895,-13.168539
25,-7.386427,-3.305532
110,-32.87261,-11.19992
114,-34.051299,-5.020958
113,-33.797615,0.912027
118,-35.490251,7.635567
114,-34.19698,15.972028
34,-30.234356,28.336098
115,-14.334706,34.48192
114,0.767045,34.345307
103,10.513547,30.926895
98,17.392871,29.486853
29,6.488815,8.835001
97,18.2965,29.155016
34,8.901856,30.671093
36,-13.684907,32.236102
36,-32.751192,-1.29127
78,-21.845543,-23.350507
114,-11.316283,-34.323004
104,-1.981335,-31.096187
127,3.976592,-38.065149
124,8.812635,-37.288663
112,11.203168,-33.612757
124,15.325471,-37.075818
100,14.440117,-30.132706
144,23.504097,-43.343752
0,0.0,0.0
138,23.092827,-41.304144
113,17.424843,-33.839629
108,14.413659,-32.427684
37,7.859202,-33.09855
32,-28.748999,9.068299
102,-26.611608,30.648955
126,-25.553736,37.739772
106,-17.888181,31.944826
117,-16.404629,35.208064
126,-13.883447,37.681579
105,-8.59905,31.396664
134,-6.757727,40.152594
108,-1.585397,32.364539
107,2.360726,32.157532
105,6.805843,31.568863
102,11.741253,30.608634
98,17.157922,29.289278
70,16.707523,20.893477
82,22.251944,24.472496
78,21.535647,23.489434
28,22.780741,25.268259
49,-14.655791,1.002276
113,-34.025356,-8.99564
38,-34.55341,6.223637
101,-26.170193,30.439479
123,-10.320379,36.824062
122,-2.899693,36.49498
120,1.046333,36.106355
105,3.07792,31.464137
118,5.299692,35.478693
0,0.0,0.0
119,5.862058,35.690594
140,5.884835,41.876767
91,3.009683,27.252955
126,2.486396,37.808999
111,-0.826227,33.402557
35,-13.037856,31.463028
84,-25.181663,-23.796702
99,-11.612458,-29.575152
111,-8.212946,-33.273965
132,-5.540891,-39.701408
99,-1.713338,-29.626065
134,0.602216,-40.152451
114,3.027072,-34.317462
120,5.593265,-36.001252
125,8.431597,-37.436305
129,11.533428,-38.620165
99,10.838938,-29.588952
134,17.567543,-40.076079
0,0.0,0.0
121,17.66181,-36.310648
115,17.26919,-34.549941
36,17.276978,-32.574714
67,-2.958105,20.218515
122,-13.526186,36.747871
114,-12.454465,34.237655
127,-13.378487,38.078792
111,-11.192116,33.443383
113,-10.687851,33.951315
112,-9.697233,33.476354
127,-9.678159,38.160061
115,-6.825855,34.360635
123,-3.41997,36.968888
24,3.517186,21.171832
18,-7.431558,16.391002
35,-31.349062,18.4851
110,-13.776317,32.889536
128,-8.286847,38.531467
129,-4.579771,38.577365
103,-1.997304,30.878138
118,-0.952961,35.349842
99,0.086408,29.624745
130,0.135538,39.053331
115,-0.785748,34.515248
123,-2.156861,36.858097
117,-4.062063,35.175158
39,-8.287905,34.696965
22,-20.127649,2.913476
117,-5.623503,-34.965561
127,0.115722,-38.198836
113,2.877278,-33.987871
131,5.710975,-39.433456
118,6.915997,-35.383222
129,9.259878,-38.722389
104,8.627504,-31.192739
110,10.182892,-33.004109
116,11.840358,-34.785556
122,13.59986,-36.536136
128,15.46111,-38.254747
88,11.391445,-26.441587
125,17.189177,-37.621935
109,16.032778,-32.602184
120,19.550818,-36.113525
94,17.476024,-28.274859
108,25.790813,-32.481519
33,29.592933,-14.341058
84,21.942458,25.347666
113,10.113729,33.91579
116,7.472642,34.860056
100,6.488604,30.112935
109,9.666887,32.663254
26,23.543014,21.503656
53,15.946811,-11.658803
34,30.369666,-16.584869
107,11.515122,32.119125
36,13.704546,32.11971
32,29.067626,15.550813
121,36.320649,-6.827293
118,35.525727,-17.309234
105,31.367871,-19.951078
97,29.106257,-21.053073
110,32.991246,-25.959216
92,27.479545,-22.894507
0,0.0,0.0
119,35.673702,-28.839942
78,23.421678,-17.039056
110,32.974178,-20.580299
38,34.289402,-14.785873
35,31.794655,3.880987
36,-6.130381,32.331359
37,-33.520519,15.672665
97,-28.963538,-14.860503
97,-20.36083,-29.217209
109,-13.39195,-32.712764
114,-9.428735,-34.308528
103,-6.030335,-30.931616
119,-4.907354,-35.713075
136,-3.556863,-40.786712
49,-0.843227,-14.773601
144,-1.973995,-43.191124
131,-1.480642,-39.170405
80,-0.758579,-23.916129
142,-1.077936,-42.655918
92,-0.508131,-27.547779
126,-0.455718,-37.663357
120,-0.183759,-35.967448
6,-0.264038,-5.843317
134,-0.266782,40.171557
111,-0.016954,33.234564
106,0.149552,31.919619
122,0.369372,36.477976
136,0.665814,40.869159
111,0.743193,33.433019
119,0.992415,35.738486
127,1.278957,37.973388
134,1.603517,40.137692
93,1.268281,27.925971
145,2.229851,43.587867
101,1.721447,30.160626
103,1.922532,31.017802
106,2.134789,31.853996
164,3.624221,49.302931
113,2.713224,33.852605
0,0.0,0.0
162,4.494431,48.704262
99,3.207904,29.598544
134,5.008882,40.272772
81,3.407879,24.204297
141,6.809957,42.388959
89,4.972982,26.810209
120,7.754431,35.920605
113,9.156423,33.791055
11,8.251023,10.249466
111,-16.658323,-33.241858
80,-23.738999,-23.898174
117,-35.05675,-13.598328
124,-37.106375,2.765688
92,-27.596162,10.21233
126,-37.703228,16.493241
102,-30.72109,10.810065
39,-35.444597,7.433294
17,5.612172,-15.341077
118,35.266261,-10.482678
122,36.533421,-6.657705
131,39.391398,-4.428795
102,30.520767,-1.966443
144,43.060548,-1.006737
95,28.505192,0.320927
137,41.180068,1.688561
111,33.302608,2.328653
118,35.407613,3.341698
125,37.542692,4.449329
0,0.0,0.0
120,35.968879,4.750644
134,40.094895,5.419349
106,31.801116,4.350772
127,37.972959,5.101909
16,14.457983,-0.464647
39,-35.329768,-7.965145
6,-1.545046,-5.252049
113,33.778471,3.661572
125,37.519081,4.802935
131,39.191216,5.4633
76,22.916001,3.356922
151,45.184516,6.525616
100,30.072662,4.05817
117,35.144894,4.313039
121,36.211619,3.678587
109,32.572161,2.038414
37,33.066129,-5.346164
122,-36.478591,-15.852078
117,-35.024628,-8.236618
128,-38.251028,-6.886094
98,-29.419302,-4.248522
136,-40.883315,-4.67039
119,-35.786637,-3.045956
128,-38.340062,-2.273917
101,-30.328303,-1.111202
141,-42.39866,-0.573428
111,-33.176267,0.329214
114,-34.276514,1.046166
118,-35.304284,1.821723
0,0.0,0.0
144,-43.07288,2.803285
114,-34.252307,2.402206
105,-31.517605,2.34568
105,-31.640225,2.485094
118,35.454723,-2.775878
123,36.810427,-2.708565
123,36.955834,-2.541338
4,3.823497,-0.252747
135,-40.367624,2.764791
105,-31.617379,2.314045
0,0.0,0.0
128,-38.320503,2.955648
38,-33.997347,2.873058
6,3.888748,5.122707
118,35.42946,5.31768
112,33.544513,9.702355
29,26.286896,22.774666
115,-12.880655,34.403961
87,-26.072749,23.147291
114,-34.068733,22.852507
88,-26.443059,15.444514
104,-31.304667,16.868182
79,-23.715097,12.093391
116,-34.771704,17.611967
99,-29.840019,15.522825
109,-32.608951,17.547468
101,-30.164756,17.115468
33,-29.877359,19.749265
90,26.98495,-4.408187
110,33.115696,-13.714006
107,32.110913,-14.641942
109,32.583837,-16.45305
30,26.813787,-20.353191
104,-31.328034,1.472218
123,-36.884238,3.474795
36,-32.269794,-12.162376
110,-14.627395,-33.006133
119,-1.099319,-35.634497
119,2.145428,-35.802999
118,0.689643,-35.313833
113,-6.108694,-33.982018
93,-23.76101,-27.886353
28,-8.261533,-3.682674
114,-34.052717,-9.739125
38,-34.507831,-7.97721
36,-0.868391,-32.088401
109,17.432647,-32.584098
104,18.019127,-31.085207
115,20.253608,-34.44495
97,17.177711,-29.205915
111,19.557755,-33.366095
0,0.0,0.0
109,18.129836,-32.614091
122,17.08013,-36.511404
37,9.704153,-33.275648
34,-9.169743,-30.371233
39,-35.332178,-2.667994
12,-5.622958,-11.120045
64,19.082102,-14.731613
92,27.4696,-27.418553
117,16.46359,-35.124072
115,1.635868,-34.492294
109,-11.162395,-32.785592
79,-20.661987,-23.842847
36,-32.574913,-10.761697
35,-31.458457,15.048592
